100
289383 930886
636915 692777
238335 747793
760492 885386
516649 641421
202362 490027
368690 520059
513926 897763
180540 383426
89172 455736
5211 595368
702567 956429
21530 465782
665123 722862
174067 703135
513929 979802
634022 723058
133069 898167
18456 961393
175011 478042
176229 377373
484421 544919
413784 898537
575198 594324
664370 798315
566413 803526
268980 776091
241873 759956
806862 999170
497281 906996
420925 702305
336327 477084
126505 660336
621729 750846
661313 925857
353895 616124
100545 819582
233367 898814
515434 990364
313750 344043
171087 426808
117276 947178
393584 695788
502651 705403
392754 612399
95060 999932
549676 993368
210012 947739
636226 698586
297539 348094
40795 480570
434 960378
66601 97467
97 612902
73317 570492
652 260756
97301 560280
286 209441
53865 429689
444 346619
58440 744729
31 108117
38097 905771
481 890675
20709 698927
567 777856
79497 872353
586 276965
55306 964683
219 28624
51528 332871
732 48829
9503 530019
270 363368
59708 486715
340 518149
47796 700723
618 2245
22846 493451
921 243555
92379 597488
764 888228
69841 792350
193 441500
57034 87764
124 324914
36987 275856
743 346491
22227 148365
859 281936
51432 452551
437 899228
53275 975407
474 276121
68858 794395
29 661237
8235 573793
818 894428
66143 231011
928 639529
