100
37796 16
475505 23
360015 88
602869 86
513504 87
898463 10
47780 43
542173 8
916909 53
74175 2
775474 92
434764 11
28974 96
886903 74
441733 67
399013 59
355119 33
773956 63
940680 59
115161 83
339669 44
867321 39
9121 61
502885 87
434455 55
97184 20
257795 94
330410 26
910388 2
123553 32
299766 15
773525 74
43465 76
539142 82
1118 58
904749 17
604485 69
860636 15
19895 15
56852 46
929703 48
261262 74
168481 38
749409 23
294506 6
757207 23
969777 54
393918 27
719005 8
836608 69
523962 6
150478 39
736187 98
765044 48
447436 34
412930 21
767215 82
47057 95
618925 63
835051 48
880901 66
324872 27
317631 56
802953 12
93576 71
954322 7
784870 29
499884 31
478584 41
277440 6
339243 42
657811 31
808972 15
954132 40
525758 3
298921 37
925462 70
425832 40
192518 76
718938 62
394309 71
201794 16
740086 98
558443 79
518921 15
732845 84
144398 10
902863 40
24853 88
829912 28
211270 8
400573 75
512749 20
816067 44
664798 96
739300 27
821705 15
324259 60
65319 36
905792 42
