50000
67914 1594421 19 1640713 119 325275 159 641734
786 244529 872 1745393 67 1495847 57 1336125
73 1017398 230 657011 849 1982842 482 34801
99 1147083 654 1403774 67770 1670807 42848 596224
899 1091910 849 827143 308 531609 35 15720
372 1809198 92361 1025295 2548 137614 32 1445653
503 297727 498 1914448 24319 1502470 287 1277166
985 326416 22913 1293948 811 1941589 898 222801
4 719668 16 1860433 269 387095 771 1132982
905 158421 49 344268 314 628728 72 1546129
35 1563596 976 792357 262 1457558 407 922966
33 1431248 636 612219 633 1515910 61 1017400
313 1508136 572 522233 95849 689124 374 1434361
629 212508 16 1968979 58 1842045 972 1030094
886 869038 46 16050 989 1937345 24 1975476
186 672848 949 1270197 524 1880586 17 1656076
31 229149 29456 179195 666 1339388 87 379919
913 1723883 29450 1967640 180 778151 540 869751
94 1923920 29 1885491 726 1969059 6 524484
73 1993267 95 1558686 881 272529 956 841649
18791 1656158 626 1041514 37 1515047 820 1640588
360 75366 830 1602886 917 110484 517 71956
231 1458306 747 455383 36 428068 382 1333693
944 423519 89 50869 429 1964696 959 1687614
590 445593 45 1114158 68 359015 147 1191832
608 1725976 85 237904 36 97706 535 1181325
39 169757 444 26422 868 1020071 81 599010
76 804467 915 585900 54 1331710 273 1502172
32719 1994720 61 302164 59 230930 346 1233743
777 1253824 39 879857 976 1234031 88 1130482
664 401268 580 435752 41 1311237 967 324326
619 1876966 348 877870 219 936893 505 60590
18 290667 78608 566899 999 17514 311 33635
17446 612051 633 17298 249 895093 653 1057903
472 940452 11 579123 304 830272 372 1425294
83904 1106522 324 879113 72002 1573085 488 1173231
828 834376 659 683124 163 1425993 9802 688801
99963 1601380 346 1138574 72717 1209443 594 1666323
17667 1745945 489 213043 966 1962340 804 869556
64024 1568293 16 1116566 524 669455 4 291396
14 220575 36 1020783 938 330853 753 1973205
887 1858567 24 623972 864 1684566 773 1033481
215 1599073 476 737097 667 1527680 28 889434
36 1228328 220 1607284 74 331454 375 379051
11 335533 5 316192 855 89727 201 245020
212 247202 44 336407 38 19484 949 1849719
341 1797339 59457 1855968 152 287862 356 1954044
430 1410836 70069 1704613 25038 297883 785 1311842
762 1749713 4633 1777582 490 1494718 57 952946
98 25473 920 411823 136 816642 944 898552
47 881912 78 1526679 31 573911 52 1938158
910 1272211 900 327844 884 1130271 53139 1562664
280 726720 889 1683537 459 631213 884 1994365
989 1076921 387 1398750 509 1661102 267 1533868
913 1173923 720 674972 290 337048 710 1851190
80 155939 2 1287610 729 929562 38 1886280
89 582134 77 662770 478 317128 24 1324757
638 1791062 467 1838951 491 754399 709 1313679
595 1540461 681 1129885 734 339212 13457 1368748
662 1879737 950 862145 149 1241851 62865 51354
396 574412 890 922797 34996 94814 33 1695275
26007 956488 25 1246018 61 874407 936 157255
74 1736425 42 1102754 628 1649490 878 786492
16611 1100473 25 961993 816 832421 31 1560862
34 590095 615 353529 45 1562851 74 1546832
36 936168 11493 1858538 17 566544 625 1105576
54 1017771 226 890864 300 1609339 378 676095
829 484867 627 1528775 735 403135 26 1780068
158 1555279 34 111540 536 1807432 201 589335
58310 1691285 869 447131 951 336309 4 1016672
429 648613 990 1899420 44 1498163 964 1790773
59 130861 305 867863 45 294403 339 820126
659 1464288 527 774697 720 1986519 888 562717
377 720749 764 1169534 74 1715136 660 1357489
92 1766256 970 1507131 53038 20575 867 1881266
643 1752076 326 503908 88160 926225 319 1249478
83 707223 388 1832083 605 832983 129 646236
374 1252852 55663 853821 982 741905 917 837878
47441 1350416 712 236830 103 943181 136 1232165
965 942411 88131 318953 739 1486069 86 983699
77 458944 832 962681 260 1651518 263 1156132
12 1828615 347 1296124 608 1116720 996 716451
21982 1068020 268 1397050 418 711383 836 1645192
43 1723982 72 38539 79 376012 235 1703260
899 1362136 411 452080 90434 804565 578 656049
173 759424 16 276525 7 886094 663 994132
841 54107 9 1561996 980 1077227 32 1200769
74 1935613 791 1586310 24 995806 33 292942
325 1429055 21 437576 569 832533 539 1470087
100 385333 4 748338 79199 1773770 568 1883876
30838 742586 216 752215 175 889750 119 1918059
149 743298 30 1367027 62541 589975 607 1496170
307 1047332 273 139901 883 381592 31 962897
716 1999578 638 271594 295 772235 236 1872779
666 713085 733 1034982 858 955161 91 1260487
36 798441 87 1172558 460 820193 690 1472176
450 815588 309 630187 1 1939140 385 1529900
982 150905 13127 1770741 15494 766154 57 135903
95965 667270 96 907243 802 89868 672 490696
88 892881 715 445149 282 979688 728 1828733
661 1605721 76 1468448 55 1467090 565 217489
965 1183206 702 1841683 952 1966109 389 1703764
18684 738471 115 384165 168 843803 130 375808
631 1096391 86306 244891 901 1193177 643 1057970
417 885589 87950 1451794 913 898157 257 234973
648 1624235 910 1540062 628 235711 46547 55723
95 1629203 501 1529805 92 708398 466 979639
420 1207141 976 1377267 475 1995076 29 822434
34950 1994027 680 1468717 48 1135790 84463 677796
192 187758 552 734901 30647 929887 531 848672
484 1454310 12 949821 978 1331635 42 575177
21747 279065 453 1148782 9 849977 947 88951
216 1880682 58 496078 266 1122277 6 1096738
857 681002 519 1035376 707 816360 12212 1153409
926 1406820 292 1595196 511 594284 63 1406303
837 1177538 664 741018 872 674539 371 1417060
641 1377724 19009 1550245 371 635692 45 587166
681 601100 125 1414476 131 406590 152 827447
742 404357 167 341314 526 149047 8485 498645
114 994954 211 1904945 82 320496 4 1163788
664 598665 310 471006 820 291340 239 485358
2 227173 114 979157 434 779382 52219 706594
27255 373523 26 738066 88 153817 72898 636447
661 583223 68 1100681 34 1552977 869 1677813
39 1557974 56 1628359 87 1730914 172 1567646
2 1996090 78561 781635 959 156226 391 426837
271 829817 8563 1663124 45 632024 436 1773291
697 1307604 154 260098 95456 373748 501 765979
125 631203 485 524768 338 562753 772 745102
468 970202 136 655325 592 672964 357 1489938
230 23432 469 440047 174 993126 97 1467596
516 1804670 295 1556608 218 1612062 169 1225487
16 144827 60 1550773 30 728656 660 288370
89 1851527 855 41284 721 1027237 253 267261
90 490271 87 398133 58929 35767 28 423672
32935 345554 451 330033 55 1807846 99 633433
873 1897627 834 702097 677 1849134 32 624222
849 1204855 323 1657872 596 669903 305 1030701
22 1237451 69 922097 7745 939623 638 972758
381 1999859 73655 567704 24939 606365 16780 1885726
508 501389 421 416735 910 1739080 73348 1518953
727 1272425 151 724191 846 489559 72 1607377
13 1285815 710 344932 7029 219240 94 767510
775 663953 90320 1412549 303 1883607 128 1267297
328 104275 80 1089138 88 386907 565 98250
53 1020425 40 225156 779 1621909 23 157536
42 72530 733 588719 228 52530 618 1510362
689 1613970 378 1865762 916 1815452 559 449880
421 1916460 874 475534 56758 171359 14 1301195
302 1552216 664 1134204 974 688200 60 393044
358 1365898 969 297992 40639 327169 734 1871648
240 1983383 80 1244991 92 1790261 14394 1258901
176 870 27 1741137 84 241012 633 518358
268 1381794 620 214888 833 1297825 51 1408391
19 1672046 243 302139 92031 864566 988 545368
48 185637 285 1029202 379 1430734 961 1225351
314 1440761 2 845532 505 60447 688 203119
68 911354 70 1691066 235 1266790 46 1992766
873 1247618 941 1087168 67 48820 965 800831
544 700051 310 1987864 441 182131 180 1351743
97 1377948 529 863750 40183 631655 56 525120
271 1982296 471 1347348 83 593302 441 1729266
511 1243453 849 1240235 27 657519 195 207589
402 418091 81 1893645 319 1711064 89 1526792
70 1145315 847 1751700 29 1758167 190 1943190
53 1354637 909 637331 482 1910007 417 575935
257 342989 7 251974 13 1082068 233 1135428
9 577821 30 1046977 432 1348238 723 1962141
94 277188 94849 1086847 881 662095 98869 1057907
168 1331207 378 1236359 591 887167 278 1759272
136 89920 196 1719887 88905 1765259 970 54170
827 28853 59 1985194 89 1116495 244 1269333
884 1173755 403 232535 722 1542312 79 1256659
626 1478536 638 1853644 172 975063 17 88117
220 1094483 650 1490840 849 1351836 57 911507
573 110904 309 1302420 412 1560891 340 1978996
172 306801 125 229113 194 1965458 49860 591569
696 1779201 732 727670 79 1180615 99 1064372
990 1553121 836 1723985 655 1825725 915 429056
920 1058570 120 122459 97 1663081 52 443875
306 1372094 897 432477 95926 144424 24 1420603
64 1743316 904 1643002 488 1716513 754 691446
974 171149 688 1157631 150 1035540 75088 1817278
441 1915179 408 1086171 66429 174439 762 1037260
45 521914 409 169622 72 1699401 158 1525168
632 1334893 42 159528 992 1987137 140 1424291
37 1151976 479 1509500 337 334244 916 716591
22290 456847 551 1565114 884 1577736 682 1600616
534 1478670 40862 169701 922 919706 568 907222
49 1232930 7 758944 527 446167 761 1569680
995 141501 922 194101 44 1064170 29479 1758593
235 1267674 10 111505 633 1645678 23 1976319
25 279326 888 1057788 97 1571032 999 477670
16915 1975866 22 1329080 599 900483 477 1105610
551 454877 781 1577305 292 943203 790 1701877
474 1878915 338 803657 489 610333 380 1189810
6 1210664 859 1118249 854 1876227 404 1806206
39 1874878 26 214809 67 1601844 630 1865660
47 144082 400 823308 582 1981729 24 367711
484 312904 7146 198673 965 590783 384 127190
849 510740 71958 562174 101 178705 840 1573592
296 30913 899 1669905 315 999346 596 1963602
40997 1344463 816 793411 98 615859 725 530127
8 854898 463 1400182 59 308382 392 1392786
79 1290016 6 1253900 786 1254346 19 67646
71012 1305794 7548 457425 352 1478906 92 1274835
17390 692845 646 495640 546 73570 130 408612
187 1236272 357 51041 925 277194 580 924684
95948 245601 440 97537 96 125223 4735 406385
351 788923 136 1569865 28 544990 75 177872
16301 103095 31 612822 31 1387148 29720 1895131
50560 1065408 882 475463 38346 841522 76 1817272
19853 1931857 911 1106469 88982 961399 10 768865
1168 1490587 627 1243726 180 1260268 187 282643
50 761036 130 1073828 209 1825289 7 859122
290 1737763 710 338472 12 533532 77769 758937
825 720430 85 337021 17675 1924789 888 1392746
69 284774 37 738052 31338 714968 256 891641
934 867687 246 772573 83 1982720 718 509751
773 1865949 222 1077319 988 1677217 91 1874690
71 1543195 13 914595 791 1771800 896 859738
520 467114 24 1368664 122 1632260 77 1272027
819 1306313 51 582415 8 649905 332 845851
841 1534350 259 1164652 398 1384864 311 1604738
266 279964 471 1448745 43 1981677 747 1016938
988 837761 724 1019382 556 282062 362 1790518
23 16420 39 1485686 76 176315 858 267711
65 763578 31 763828 89 643540 234 389678
39 1955965 814 133369 12 1196649 78865 1694599
747 1780035 185 49783 858 1001382 680 109520
627 1838865 993 1839508 36953 495266 96 766471
4 242655 869 1735200 913 1379101 28 87442
517 1473595 520 1096514 237 1746152 334 255112
482 1566194 908 1189361 72 884627 1 1373160
301 1089077 897 1252771 19 1593885 6 410736
496 609974 56 424959 969 1833632 719 1315498
866 1582306 27 547663 60 134322 271 1936825
367 209554 48 259030 87 848231 665 668730
85 1434356 540 20203 496 1861607 1707 1700446
376 1164426 81899 30606 946 1416560 66 1649854
55707 379981 76 1032713 2502 162749 111 827349
8 555970 32720 1885196 97 1456539 94 1356023
94 1562037 384 1658267 435 1101957 17 1519590
344 1516964 54 1559152 686 1792072 487 845073
96 1015921 81 1726483 344 231260 830 876853
94 108550 491 1888552 781 1580886 197 1019424
246 1350629 418 597755 944 72110 1763 758710
396 239849 398 366085 738 1195573 77686 1996684
30918 1710810 363 825626 337 1892818 362 1802494
50 801289 651 1181583 8 1620269 235 1593684
75 65115 209 1059352 388 153006 37 58777
146 11379 49815 64644 814 1563711 75 1292012
53454 283967 458 813026 686 729254 450 1081044
55845 429135 37 244346 705 602692 2 1814338
712 587909 265 585291 481 1233697 97 467666
30 1816270 146 621792 841 730185 672 314668
135 899257 313 1353679 24 878565 822 1573460
285 1721471 64 1329248 497 1816646 634 893348
577 920683 60231 1962783 58 1813257 4 100065
681 478379 14 1993678 63 85377 583 305322
344 1314490 87 98829 430 694379 5 1014166
343 506018 58 1538775 663 836859 661 18452
318 1355463 896 900771 960 952123 29 1013702
15 1033994 29380 1373534 27065 150945 319 1496068
874 1491814 98006 585698 654 1545583 97 135699
21 1856682 573 615861 476 550590 862 397188
4 938882 646 399790 87238 580659 74658 95843
19 1134905 385 1353236 498 1388716 67 1099564
770 51233 100 1401082 475 1467171 66 416067
62 1033203 967 354089 24410 1895687 486 1460288
385 1589889 34 405932 165 258393 714 871469
92 258425 622 1844605 894 777103 237 735264
901 241348 990 1732690 46 1697649 576 427503
444 590457 178 587445 137 440375 974 183220
314 1761040 36 450525 211 1165762 41017 208185
14 1091670 655 923955 91 1435601 4 1992627
705 1471207 591 610885 436 1015912 536 1830839
850 779290 601 792176 10658 1774495 184 1721275
434 1759979 87 1552511 66 1667725 47 1864189
5 1950967 171 1513446 741 105703 2858 125490
928 350169 829 950930 266 1065649 43997 728776
77 771976 714 320995 77 1768886 112 1511208
31 1935158 550 1511732 415 1889636 65 1233229
756 1919739 846 933099 35 1315411 507 1847549
394 1873730 495 1985696 635 1714025 38 340840
112 1035396 215 1999976 54 1469286 60 1952327
650 1322132 37950 940912 39177 1951946 857 318775
41212 1252603 170 1512884 88 332534 1 865289
91 1638084 438 1768837 868 382702 760 1213020
419 496803 934 725652 569 1262802 905 559919
30 1208157 88656 1395206 89825 1555798 507 261977
984 1055641 78 662128 30 250682 43 1220410
46 1900410 173 526749 693 1023614 45072 43886
678 1496203 384 1795114 239 1346416 77 1283259
2 182269 44 180041 859 1956665 92 669650
5 1175887 754 86483 100 1849307 1 1686555
706 1802955 561 809770 620 1503367 60552 858591
622 55164 49 1805530 75 736782 345 956
141 353010 780 751808 53 1087947 16 1419215
55 1184830 59 307691 10350 404710 991 598550
594 1578262 826 1286558 15 1566260 1 1647606
119 514540 940 853338 658 371156 808 929554
989 212375 225 1207362 55 1195846 57 183788
19763 922491 98380 1228192 360 215669 37 784670
5 1861369 632 1481086 508 1609792 58 955102
58 263377 65 289414 21089 1363064 31182 294649
62 761492 41 67383 35 1340078 20 997203
87 1898190 404 1060136 70 188775 370 635093
870 188767 51700 68727 65 1136366 36 1504856
100 410792 70 1708015 653 463765 752 28736
52 216023 762 1576294 826 998666 576 1907172
854 228055 85 1005198 758 938643 862 302082
757 468082 383 1825927 28314 1632286 411 1268432
80 716 523 533051 755 1158962 299 841192
71 127353 87242 1053856 77 1065574 45 1153011
344 1083123 560 92777 865 541968 8072 814075
25 242422 251 1811860 87576 198455 54178 669594
75 1989174 507 683876 81650 512949 32074 1571337
916 616869 324 1911277 18 1449525 829 196867
195 353158 521 1498795 321 748857 429 1583585
691 453301 59 769226 469 1670460 28 1407209
18 87910 861 1195439 884 1901366 958 1914796
311 59517 6603 130813 808 1314635 71 498466
505 450201 748 1030352 14 957388 71 1100874
834 1853319 930 687433 279 245494 563 401499
2 299057 549 1477645 264 1391022 840 1925851
106 313451 82 844763 19722 321063 3375 1607931
648 421461 850 806974 678 763706 92 1967008
9464 1984704 937 608688 742 514668 679 171306
505 1443257 66406 59352 614 1063667 511 1616548
50 290854 627 352211 770 269925 16 1566784
910 1137055 589 248809 864 992157 509 1956391
21 395329 127 1101553 87 1246393 60458 218054
24630 1301923 30 550399 958 216230 118 254818
902 142250 874 1634150 312 1485850 723 1571183
23446 1789824 28 1836547 475 366147 6 1004639
79 83367 627 1642389 27 1007624 98 562288
786 1953950 134 950357 110 272034 564 25792
68 493294 440 11066 92 822397 762 1022425
128 221785 844 745111 333 67447 23973 489145
884 1435253 43201 542279 5 430287 49 731446
53849 707196 42072 1263840 941 1352789 44 1035064
266 472403 34 354673 94152 1214455 46 1118012
48 1823954 62 1791903 63 1810224 76 1262124
88 1467786 823 1099646 37 1237459 21 1344182
452 830262 847 36221 323 1120095 178 764878
65 1061412 456 261613 843 1984846 248 715584
69 696306 606 594429 2005 1539111 16 124990
875 974855 659 1081418 80790 914352 207 393793
360 1256774 50 1927654 844 78966 68 1595854
733 202444 545 378164 446 57267 894 781126
68 344421 947 1957968 67267 1003809 889 830974
23 115046 750 1419340 378 1374553 495 1973520
828 1880597 766 1926340 89 754833 576 1713816
73 137498 592 319142 609 409014 654 1601484
468 396565 21705 900531 617 1779819 87 146131
64 875417 520 217243 991 1352137 960 1241101
92368 1842331 82 730996 5853 1379442 915 1318058
60 1676611 615 1662464 262 1592062 39 663568
676 109213 355 1541177 259 1150086 45 133187
412 500155 700 1798043 38475 1487753 112 344118
417 983986 996 1121537 304 1601380 713 1327636
26 716185 291 939953 49 1872612 39195 1022118
44 1284573 543 970995 413 313950 83 512098
432 1805823 26 59572 271 1593329 49 604161
16 848055 30 467008 90 1157488 462 1188271
904 541378 18 1973449 971 1482194 735 940988
84108 1776017 18764 250950 92 767819 933 1013613
605 628098 43 1572827 80 347005 249 950975
235 1112883 335 484359 83 974219 727 1353046
891 554339 39 213542 793 144593 28 1040423
95 1546908 848 444867 29 1678560 292 144570
56 1231187 12 142910 100 602810 208 556103
481 995516 64 1194137 909 1816548 78 1675974
37 1077012 174 1614493 7 1651544 232 1085177
359 904055 21 944522 222 1563215 743 1553961
534 1554429 467 1747026 543 809034 107 1902636
974 922839 404 1593693 650 995532 223 1974510
25 721552 871 1386805 88 64057 36 294868
85 206752 987 1580851 932 524492 366 1630231
79 1868713 42 1962418 286 1261022 14 225347
442 1031243 830 1002649 566 761142 248 1222451
401 1322688 27 1590734 504 660354 679 873184
93129 1767156 542 1106553 570 370341 155 1411165
938 442441 941 969241 91717 88582 6 28593
49 240602 50459 1616605 129 1675248 72 1226428
18 1426161 7 204164 90 631166 504 1403412
60157 1456144 808 412346 665 1248911 643 56821
896 1559987 426 215013 406 1325939 76 1543501
130 1731252 430 882426 35816 909145 457 1590158
694 1334589 83455 662658 66379 1800799 39 106944
344 1116673 80 1052599 257 1280859 156 1881829
332 889043 42 1893841 775 780272 85 488211
245 720918 787 1755021 237 1170990 960 1874120
937 93979 400 1169291 289 328074 457 686685
31 418601 317 389516 904 1375822 83 537578
777 410409 880 1841319 783 1088835 51 225683
184 541919 2 470751 76366 724950 59 770213
379 1530295 54 401966 35 151394 352 1865664
85 1937187 870 1922304 87474 1094264 61 762579
297 563708 648 1152830 66 1191268 908 311211
29 1423295 273 1775299 74 173949 603 1214436
289 1819739 378 1436896 998 835918 283 800753
77768 275218 30 1277554 982 1116 85336 1840533
95 535557 275 565593 763 310235 259 276819
4578 1495045 41 694532 233 909543 1 1674047
84 624893 16011 1276928 984 1469557 52 1425325
576 137620 67 309761 837 1403592 753 1457564
27 1636997 34195 45916 339 1485992 43 1326540
669 1618359 932 1125729 880 916925 375 22944
718 291615 666 607315 233 1554535 37 749661
21 486664 73 1025187 295 1365041 873 723714
488 1485854 49 1005347 83614 318546 828 219229
261 380316 86 1795321 314 1972827 958 1064181
542 1611045 630 413479 58 1663688 88 469168
407 334827 696 557063 486 622803 2 1681260
80264 571857 92491 1641174 870 763200 405 1102106
794 1235664 295 174407 13284 1785123 940 614561
30691 76189 45 1687862 305 1396325 244 1375787
89 768022 427 658454 634 1353448 71703 1827942
927 283707 900 1369889 200 1217610 415 1547572
313 1304274 24 1904439 830 1398616 95 1445745
343 1714803 992 400067 581 1225653 37358 805450
42 1249197 78 1110332 92385 1020354 274 798517
584 276928 265 990591 712 784472 253 149033
63 1658217 195 1594779 85 991626 396 647879
82835 1141541 198 1779316 46 1207186 915 1757956
152 64929 100 1190890 340 1810467 312 1072701
91975 1412613 34 881885 46974 404758 20 1742355
32 397073 881 1348490 72 341982 913 1562877
90 1854949 68 581367 952 740895 964 848288
45 684017 96 1371838 49 1304883 68 670456
33057 970137 65 1311833 22 925618 26959 764082
566 1699316 461 1562832 502 782274 882 1721878
512 82358 312 632114 952 1698635 897 1309186
89800 309472 973 343412 8628 590504 935 374672
899 1636110 23 541979 66 1275078 442 452014
68 167249 54 1468960 938 423716 834 900706
96 1923150 640 398591 101 52941 982 1985103
40790 490423 49 974811 91 1364444 592 605138
34949 374383 44 622949 34 1691020 610 931271
68 1338179 779 1421350 5 1104758 864 1396106
634 1869589 828 867737 48 49967 645 1382156
457 440676 19 899086 957 235895 136 85636
3 1972391 374 1633793 175 73272 720 511576
361 1063936 202 1837464 221 332552 114 1257927
558 513530 160 649652 961 823595 68 43552
64 93134 220 328386 69 767161 668 968548
100 651672 150 1529419 481 1488650 987 1737671
297 1608466 75 750730 572 1434274 545 1131498
75 641898 123 600219 110 936756 341 1652870
71 499263 73 789544 299 462229 638 1797084
55 20862 767 1584032 29474 1241652 86 1240930
26 1631221 21 1354365 518 1550745 719 1641574
102 886981 61973 1390918 28 1380855 369 1488328
680 1764023 84 86049 730 56331 335 1038410
51 22628 998 1293215 6843 1574493 8359 1201733
66 222153 707 274402 579 29743 6 110053
855 154054 72 361078 28528 5830 307 41123
79663 493873 343 1224125 898 290873 822 1943634
885 428158 903 357219 258 1283352 659 1419017
536 1196079 945 37988 469 1118828 501 89571
750 1710999 63698 139795 523 181899 86304 813913
499 652440 549 364666 197 1251693 2 1130844
677 753692 53745 28815 773 744092 645 787869
85 1165597 613 1074849 7 1716896 563 1508301
75 723155 78023 209964 434 345646 457 1449550
53960 120657 178 817678 810 951614 18 66972
648 557380 24 1815458 54978 1232350 211 1034590
94 633407 118 1045118 18524 1622889 78641 535528
17 8446 535 1111989 43 1358601 4 189691
226 1536138 72596 526044 204 1328228 900 613948
892 11092 84 1635537 226 133369 31048 98435
819 1619427 92 514283 805 1543807 827 1057436
53653 583786 27 1546969 181 376406 672 1579689
957 624301 231 1132229 433 228364 441 997511
897 708970 838 378198 747 1672271 245 1996996
396 1595511 906 1833066 41 1991340 96 1069557
503 1834496 352 1292245 488 62488 33 987771
269 1645270 531 1219913 125 1957870 397 874936
940 77759 985 43838 563 1675438 353 92166
144 1893978 31 539531 35 823583 303 200470
37 1531867 395 1347754 378 757481 499 278332
125 1859321 440 1219779 901 1182601 876 1088219
577 1139436 257 1065149 98430 1813111 824 419368
923 710384 32 1424656 199 316430 797 1760670
841 625386 400 1487767 32 1538856 758 690446
448 122187 965 1559274 81996 1090507 80 643425
30 942314 8 1700692 26 295265 539 1356375
10 516757 22 895995 949 886628 209 1004247
203 1716909 450 1492120 59 553664 363 1656331
248 344469 780 1662967 250 1724620 653 1000313
480 190703 799 473508 262 1956194 215 1581065
18183 497766 398 143228 33 542783 86 1495384
358 930727 324 1074821 85178 1784870 843 289301
558 203232 28237 1164887 935 121681 230 1443916
729 127930 99 1282954 39931 1982731 42 493199
59 1264770 88 889643 78 895114 880 1923341
33 1599675 394 1099333 1774 1842471 93 796924
50 253403 131 1637031 770 331967 40 359411
33 249706 215 1037538 19 1216561 62876 111328
674 1857940 96 682612 643 1460126 48 1494068
65 1715418 727 378990 964 1365254 24674 1891345
16 1578955 958 1643635 719 1690637 742 1285555
75570 227255 428 765992 94 1835305 509 128815
47115 613153 798 457731 61 85643 13 1338113
444 660118 61569 1516639 559 1745202 53 633964
23 884344 12 1764552 454 210756 41 856145
35 951659 45 1133409 532 1087932 894 1705463
429 1548126 320 844937 47 966946 62541 749130
33 1952135 281 1975460 448 573778 339 1726912
87 1055986 84 430831 333 1215727 30 55298
85 230746 227 1862492 828 107405 36 33193
34 1675022 963 623257 643 1533505 249 819068
433 1844120 38 220144 775 811304 701 820046
91 459013 86 217873 806 658681 855 1790625
745 1867159 257 534105 261 1691295 491 744995
23 864400 223 1991314 908 1788463 546 245684
756 1686352 273 1843801 292 908632 30708 976114
260 1504265 876 1886995 27167 1969941 54955 1540745
80 526963 16 1548799 279 788656 97 631534
735 12932 80 225347 391 1744690 76619 1526559
53731 1869695 894 1703854 18 1528836 301 181012
286 83173 109 70312 403 1344055 144 1425358
36498 380003 465 386970 928 235923 871 1100004
632 892520 601 1422168 38 1077846 1612 369809
46 510942 252 1222541 197 870427 50 1556254
728 904989 208 731421 780 1972219 551 763296
720 1457738 729 1745106 345 1168191 519 1983304
735 662135 90 267934 331 1576692 57 1272614
82 1636987 970 1085239 49 1099187 127 1612163
70316 428975 358 1267246 53 356849 55 1297860
140 869462 433 250349 109 438935 920 1434382
95 520414 776 1349817 475 1861017 424 1999502
48460 1963033 696 1295263 636 1732591 23977 816521
875 1483154 982 141782 587 1810906 45 1087883
5 1320884 569 1289086 55 280226 753 1683114
35 1622866 864 1249986 894 173701 39791 1998151
423 1456242 387 616626 212 324981 77 618064
865 1698157 787 907728 44188 1119756 95 1528724
80 877198 22 263834 615 1832406 190 1736883
70 1181109 60749 1338974 98 697267 393 305138
41 372609 351 1109962 15 1349756 406 331876
51 1001078 78 473125 102 495490 327 1949215
338 1530073 195 1247892 396 538355 51 1688430
92926 644045 9 727048 69404 591696 43202 1185027
11 1809379 769 843395 35695 1925863 956 156792
866 1424242 320 441885 465 907034 17297 1662516
82 623724 122 1199127 63 1489795 228 311690
738 711014 283 1170196 657 183585 878 1885953
43387 929702 496 1252305 15438 645730 913 1975065
12 1135502 196 899561 850 1831255 68 56680
372 1105932 168 156838 25 610334 17 852018
42 510745 62 379153 563 377972 808 1044655
498 1240363 657 1544056 66 1399557 871 1675758
740 1516243 779 1059914 79 799751 886 1042433
627 1956243 195 1295302 100 1830379 248 1655338
280 919338 237 1123099 50 898716 19133 354949
21588 699125 826 144411 981 521312 253 1447541
31032 1894226 652 1061774 51 1683633 7 1270223
386 527579 18 918840 539 1655901 248 1655063
36 461665 524 1585181 7104 606129 353 1285154
727 1548376 584 1660673 226 1259039 85 75598
338 1295991 613 642558 333 1649033 99 1624064
70 1408576 58814 1998673 92 1096914 57 460159
382 608898 487 897388 23 445017 708 52133
375 1171495 83043 255475 879 790018 256 1528723
18 1267822 152 999627 98 1921213 26430 1503374
604 1091115 261 1188847 136 892017 562 1004505
346 440082 446 1836624 707 347444 897 52230
379 1000537 99 746824 93 1073180 85 722176
422 1186412 790 672113 353 6654 143 674642
958 84174 501 1212640 602 1138276 223 426066
151 1126536 402 1503286 822 1348404 546 560591
621 974047 720 1153542 857 391812 424 1115317
335 667795 56889 161185 811 163799 613 62039
16 1745676 811 1035656 77 15024 56 1018594
795 1764913 346 1005878 767 477730 566 1237265
371 134994 55 1541481 7 190718 923 1849806
80 824280 289 1757314 449 1979350 361 731689
25 1391031 37218 1804158 873 1905662 35 509596
155 1856512 155 1392695 196 1253986 686 102238
361 430514 493 573506 239 1697108 584 1910964
883 499882 21 1446536 992 1065341 13 210685
46237 1104874 733 801878 421 1698435 87 1564148
636 1738363 676 317427 32 1516789 26 1080232
85659 1219078 850 449542 263 1532624 64934 534408
75781 1536554 4 1643716 589 562629 65 1142706
945 1343344 53 1691999 904 637205 156 69559
15 1092682 374 1697084 46 625994 77 20981
559 1258717 348 810273 23 22097 42352 9643
927 314382 673 726288 745 566180 20 1544264
217 450071 89 468840 933 1296974 74 815125
907 401439 227 732755 52 385291 92 986220
694 1658124 691 698663 109 831209 687 1913083
297 1876516 375 1655568 734 1356552 72 1168859
418 1953848 19 1573601 550 1068105 11 497986
497 1042297 393 105322 678 1943355 213 268948
709 1423583 179 1130681 247 807986 308 1316352
993 1311566 56 1160406 70 1263350 29 616799
139 1915277 34 1508087 96 894469 885 177500
86 581686 79 1212155 188 1734496 41396 453292
267 1607043 124 1025096 717 359906 292 1884711
584 1945 53 233614 52 588076 443 799025
194 1714859 98451 1375834 377 12497 30 217047
185 1986724 694 1781626 239 1574531 97 523183
415 695965 862 1660862 49 1204013 741 386220
266 409932 379 423152 253 774521 116 530253
177 1881410 507 829586 483 1944543 923 171694
645 1147759 723 1321272 483 1492994 110 102623
69420 1004529 13883 796104 985 210135 222 801315
348 1449912 418 1337545 11 1786274 924 657045
27 485199 189 426881 600 473835 675 1150672
431 1197712 69 736466 500 226833 280 1482962
78941 302764 180 1670664 86 119909 985 1936604
772 1952248 865 499626 64 812775 43 1442622
415 1755029 177 262021 48 1942826 82 1096210
42 1825858 34 1433687 607 537943 466 1532709
530 1213158 13 1475803 48889 1139525 662 336263
232 1203426 686 664710 760 330552 880 1210441
42441 902390 206 427147 183 637748 57 1279208
15 648871 5 1572668 472 978045 963 1547956
751 494315 83 1625424 9 419017 42 1152506
12 1632695 4664 261643 680 982349 796 1682079
962 1542628 982 728334 49 1885314 100 168992
315 494920 4539 379453 657 1344734 500 1992787
153 458493 57 542997 722 1109240 87 1502000
975 1714061 838 1488511 378 1477810 652 1592364
238 1854728 85 203610 72 1332640 933 1350510
138 1389995 898 16708 6 538366 32 1240594
953 1532202 107 819036 41 898404 78335 1327003
626 62924 703 1770652 56 1586847 551 759036
80 1012087 92967 441272 60990 726808 92 361435
26 1298555 189 1625569 80521 511129 70 1096277
167 1505673 36626 1793546 556 1769825 978 456516
267 30901 389 1665125 953 1197033 742 267610
151 329476 722 1682364 456 1832884 594 408591
5 863526 781 214500 98 679462 466 123137
39328 1079068 189 1689910 803 898201 60378 1153422
21 1596235 260 1044323 93 1307675 894 1785654
450 305067 112 1268340 14 1041191 18992 560945
153 1265856 953 1234325 11 990895 54 742281
215 1254915 35402 1601352 75 940947 398 920762
659 423872 303 239739 970 716224 398 1777722
404 1659524 28856 522034 625 1850694 974 1637718
156 1211326 139 144143 84 520952 465 242143
856 676452 711 1903222 631 955504 85 1949420
953 1528530 866 1807642 138 1414101 65395 1091692
48 1549533 55 440622 174 694669 76 1016646
87 1477659 95 379361 90735 1747084 565 984743
755 267873 632 516165 146 796138 110 88944
395 1218870 32628 1146147 203 1663646 99 905617
215 1771478 884 1809689 244 1700432 613 1717470
50597 774392 531 1042453 762 1981966 826 1205086
991 1377266 217 410419 110 333047 87 1486404
457 1317671 45 1653603 526 755163 15 1044284
165 1073548 530 329555 32 1701963 733 1100669
74 448800 243 701722 595 1973482 400 390928
37688 1879179 794 1867292 73638 1474487 16 1876806
338 1026562 52 1629013 22 941870 49493 1321844
485 926117 38232 369635 15 521916 629 1689219
355 614355 51 1256014 122 327609 201 1189711
827 56394 815 271257 402 969409 336 1111673
75 1403895 49 98958 5 461820 71 428087
886 633685 293 991288 479 790929 8 1176112
756 280433 120 1838394 655 1298819 908 317776
859 458999 93 1197249 16 212848 41590 1032008
799 1999629 908 579595 59 1665475 72 240101
82235 1336918 185 328783 92 1480429 580 690867
606 1934733 403 337229 218 1945566 2 152921
543 1148421 56 1235092 60 392096 78564 227787
750 105460 490 661264 75081 1823203 755 329944
272 1868716 67 923723 99 1615937 351 1358602
884 1923149 773 512785 14 986895 842 496041
520 376963 67297 345900 60 1273503 27 159289
527 989314 207 1956018 140 103028 425 1193034
30605 1219688 619 373806 432 999494 186 1448694
348 1232674 31436 1971476 588 464908 286 239338
81374 111906 350 1850815 98 160848 20 601106
542 770490 606 36285 725 633839 7 913372
243 265071 319 642170 314 1981074 23 26402
623 1230364 70 476122 920 451572 723 1290840
1688 1732003 57571 1676496 975 92008 411 106680
583 316388 51 767590 5 149576 157 1908011
565 701112 658 519619 452 1790455 89 902983
972 847035 869 645869 906 1126979 56 722812
93 1878019 251 172448 29 535624 774 77289
205 914101 306 1663685 794 1041669 3786 897106
559 207908 7 1124204 189 1533996 45910 1353014
444 1294708 69 1591887 820 1654670 45942 268890
332 77492 931 772116 415 1755527 962 1316946
742 747952 394 1467329 26546 1091583 923 610639
62 78675 19695 289022 264 312050 495 649391
709 1157488 916 1923871 90065 1882166 654 354571
210 1101128 81597 1505029 491 1574843 727 1272016
894 1696245 951 273502 76 296564 312 1302813
855 1557191 695 555624 455 1743664 29134 943254
510 977909 112 1489289 243 1787075 23 1250966
9 1140032 826 712922 299 1207136 699 755675
83706 1871880 7119 467822 34 1467406 186 1188136
965 121472 59 73095 180 1249050 159 741265
156 1045447 87 423741 257 841465 100 632037
672 106595 50 672742 565 876958 41348 374216
19 150309 926 1462251 148 1656415 37 368735
88 601404 44 810663 702 181291 983 669994
480 1905260 148 1058391 37 56121 19065 1054524
522 1717525 492 1449038 244 1450161 622 358434
62 852228 123 988382 6 1226502 85 1207489
331 1355857 52254 513593 4 1540238 682 1195698
864 95617 648 631376 927 1084036 656 1415351
674 1824393 27 676175 79 672865 6 1346588
887 1868309 354 1533497 73 448722 819 44778
408 1871522 566 1585846 930 435024 16910 1035745
824 1401272 831 438496 75 1622961 34 570334
884 852849 172 908507 48 1535300 13 381205
49247 173688 195 884435 592 1750700 849 1638154
482 1919810 437 564645 4 1077014 808 791306
29553 448412 442 1462904 728 569297 57 1926238
80 677526 408 1663242 39315 1803715 403 1970193
517 1807557 48 1584092 149 848204 171 716343
587 1615793 826 235139 35 851042 83 1172604
381 667752 53389 1101429 44 639047 770 1980846
254 30179 554 1694283 628 1269604 817 214001
56 1873791 724 551458 905 1814260 765 1823949
961 1367562 212 1162473 38618 267522 913 1776777
901 227708 88 1905240 53707 583793 145 1596013
112 1215516 559 1376249 131 794314 1713 227214
76 1211354 4 37967 74 1749772 96 201698
781 1694524 77 1702912 188 1799428 72 1377411
45 621230 27 1714712 19 1468515 717 1080923
962 581152 668 165196 314 781017 666 1886558
442 380813 16 345332 313 1096102 43628 350867
98 1018384 64 1014770 17 1596090 151 91547
447 1793205 336 1281996 529 1709848 148 862835
357 250939 24785 985642 33551 1473677 531 487709
378 436756 75 786835 62618 59094 54 1547824
53 757383 262 371583 33116 577767 852 1343105
123 1147982 219 1395345 304 1867800 16 1406901
386 1180196 538 479036 80951 1090421 388 1803675
72 1979873 3 604121 966 1389758 95 1548719
56 1188822 101 1594558 227 1561412 655 1426550
72 135790 10 516289 6120 1984476 933 127752
95 1776616 18 1952490 853 1110583 897 1191277
96 1667471 93387 1354278 286 1383453 309 1523618
4 1651311 366 1022037 20 1922817 263 567063
175 1307838 2689 340645 53727 1222109 674 707940
275 303453 717 867602 461 451862 93 1661645
50769 1571014 72 491663 29 1987090 80 1223442
525 1574697 60023 622984 57 1016741 72 1917600
2146 352644 97513 550817 67772 1709690 476 1133546
202 920252 176 223930 449 193759 43 1724939
299 1378071 974 261667 57 1929200 57514 1478004
61294 741360 163 29149 447 286219 189 1655000
708 1928555 161 1859886 581 1219815 992 441334
732 17354 292 449158 16 163806 915 448775
19 416115 504 546216 62926 416492 638 1396640
94 1287136 879 197854 825 1545340 908 220153
951 1394319 607 830657 57 1322338 74 420651
11 1095018 74 863522 980 1971127 306 667741
255 559340 809 724875 99 244539 672 1930652
543 913493 83 1279800 440 1216413 710 1354398
7256 1639000 722 196785 88 400124 57 127500
867 1198086 89220 247044 885 880646 4 7871
47124 1286752 253 414772 153 1362152 64 712911
9 596806 871 93298 239 163479 905 590596
87 115932 24392 568504 181 1256096 914 1229848
841 412097 819 1333296 43226 1269207 389 1756879
88 634849 300 606763 12954 1407457 655 136976
504 1900993 681 778217 34 1110890 2 1357778
11678 1301836 42383 395641 43 307321 42 413254
860 1440360 93 1231081 224 1271543 18112 1226503
479 1926321 172 531426 996 986384 333 486952
312 1810145 100 1948704 758 146270 576 1945772
7 1123506 122 1054844 111 478601 839 4691
215 1080477 55 1771144 274 195894 32369 1190340
646 1020735 38 196411 908 1724899 864 1742806
712 1644787 39310 1800682 434 1250904 433 1054620
560 936690 428 1986650 774 961786 52596 1815799
99 96694 125 204984 908 901466 49 1408831
22 1609542 590 1206399 13241 102669 466 320224
75 1897510 14 833322 869 641607 73 1030407
710 1889832 175 19242 474 69605 179 1633661
65 1725774 401 1388994 404 1238840 119 1427167
343 1343938 984 1958903 59 1176956 920 995306
305 1609817 86 715530 70 1029611 970 1468675
598 50177 92179 717437 28 248066 874 406621
520 1666257 94 1750415 764 1443370 578 453729
660 1983200 90 1227844 90 1828278 12 1018654
586 297193 292 624850 929 168383 54 1132049
751 1586409 810 222816 979 415097 97 855262
479 151583 768 1599583 358 1389772 750 832208
93678 210109 286 1611268 909 1461790 649 1109815
7 1984128 667 1914242 142 1607025 14 1539742
621 1036745 158 751523 405 871130 143 1263946
42960 508755 519 135892 544 446975 122 181280
89 847874 607 292728 279 1173636 87 818892
812 346960 734 1536766 868 339444 78 1598777
635 546572 814 878007 233 490742 14 1751451
37246 1475760 78 1040933 75 1835842 81460 300782
823 1371944 98 1906113 61 543895 557 1557617
231 430982 527 594425 805 325656 19764 1186515
80 529371 95 319847 286 583854 51 1669324
835 758682 502 990668 916 1108354 49 1573349
83 469716 917 808322 667 1505089 884 177557
502 791041 19 936352 321 225114 539 1712883
962 167697 54 1227126 529 1273527 12059 1535064
32 1258251 939 911591 949 158756 339 1905120
64417 1815154 52 932742 46 1425720 53328 1731324
867 1612679 850 68306 79 1479247 464 1715165
179 950325 42 961345 346 1780021 165 259635
538 1177325 884 72426 10 513069 83768 1086456
85 1406067 43246 1828050 427 1512713 596 1144410
294 432618 145 245157 318 1716785 83 430852
71 323625 77 453371 23 1427532 314 1771644
545 515627 725 1579498 590 1340501 976 877935
342 197062 295 1900890 3323 1286170 17 1075461
30 1639101 278 1381967 79235 1897956 94 121539
855 1511942 464 535083 429 1077718 749 540730
154 407238 25 1323008 132 543128 98216 31603
16 848011 875 1176852 288 543996 536 362472
78 1270910 75846 296121 324 933688 567 1149789
71 1510558 3 1292505 305 1648264 40 1107942
4579 202041 1 1673746 3 607605 750 1870758
120 1066620 966 1457339 350 1872535 224 380752
301 922398 613 1759909 73 1921598 83 1505019
9453 1422883 31 579889 62 1263815 3 1775325
120 1880583 60565 139309 645 1407889 500 1003208
53 1720198 4 57455 331 1414578 143 426975
29 1939689 482 872371 904 796551 747 536976
79 424326 6 1710577 937 46755 294 806673
32 754360 91 634092 93383 1818805 470 1522966
845 167863 289 669387 56 364698 8 52648
63 1567801 960 1641855 799 1507113 9379 1897120
515 1106647 744 510958 372 801273 91 1580074
589 1547853 43 1941334 182 66215 852 124271
380 366506 207 1272218 518 1196835 23492 959819
766 1750689 924 253710 802 1635675 68 1118007
916 204856 121 719634 187 977590 80 1527421
260 1578037 19 273622 18 859180 666 171427
100 1613467 79 1903659 21 1934499 232 1055368
893 1335775 94 540907 859 616757 1 1636674
399 1998303 766 870533 608 288771 302 985750
74 1021035 990 887013 68 80218 730 479928
58 1822628 900 934964 615 1422877 93 1012076
103 906316 539 629640 46 1429969 21 1220664
968 592769 976 1719951 143 1096936 426 1869464
806 1320853 92159 522337 64 833079 67 1036149
394 229969 290 985614 12 1759320 120 127358
66 121774 966 76001 99 360651 32 1787026
60968 496993 401 182652 600 1377123 57953 1395089
779 1769141 28235 1514123 878 1654330 622 1244368
85 1878941 490 994039 74793 1126047 953 1951960
670 1232719 53 1595897 60 699496 558 1823396
48 1622790 473 1521434 86 827738 786 14215
329 553544 698 663310 322 1142044 442 680057
207 930976 678 892496 649 925007 739 1280581
947 1335494 22 1958081 309 1142541 393 1457385
968 1544904 534 864546 41232 543477 467 1723717
549 1902476 26 695818 150 1253208 46 483879
168 1837925 89399 1684333 423 1530112 41371 768723
45 675680 56 1114627 95934 589824 132 892711
975 332464 794 1147443 68 215189 999 965670
13 392417 473 573078 88 1043841 519 214217
58 922577 224 1678634 332 600184 25751 1103717
77139 94863 68 1951833 428 1666492 31 1756895
497 1005146 25171 1772077 78 1552289 638 879531
79 1891614 68656 1132009 845 661793 710 106136
854 933944 310 911356 88020 1512973 259 477855
835 632231 82 142319 45 18986 196 1575988
221 1940677 48 22850 681 1755137 723 45578
46 514180 479 1666665 131 562040 97 695344
770 254777 12 672426 27 1172349 243 692329
771 1725451 49 1816352 258 11990 521 57837
243 356642 858 1850702 468 1893647 67 605948
313 1442812 438 1480323 73590 54816 85767 667548
534 1168848 142 151791 23 972219 947 978032
442 1826452 63 161143 977 1852863 537 610826
550 793415 727 422786 13258 1197826 188 1262656
477 1522224 259 1110107 93406 773880 725 977120
84091 1673159 12 1794800 61 647819 441 775240
298 1761830 2093 964434 20877 1162646 11184 1672621
989 1066434 88 659317 24 712718 14 264836
2 625043 61507 11870 864 608351 377 1669309
22 879181 834 1868408 418 1549693 599 1633824
19 1000218 51 1119773 759 1539149 71 461842
36 1404200 65844 1335152 50317 1748947 969 1954176
72 606647 58274 515478 770 691152 77 1812680
74 195872 47664 1116742 155 1873667 938 1464388
261 1394522 542 1415378 97 431297 95092 1990097
899 1269405 846 87596 93357 171684 328 1508576
631 1634404 903 1512034 174 70754 381 1213550
100 1135142 65 1724178 237 878213 314 1786327
10 1764237 243 1812517 789 177448 350 587635
1 701815 73 1338818 7 48476 629 1516027
497 376661 775 370474 85 74228 932 270098
94 453672 954 32535 342 89403 352 56655
177 1757700 166 1521486 557 932768 574 1570480
359 1690573 265 303466 761 750607 609 1333554
49 504176 660 1255853 132 1204908 757 1147631
377 1990772 940 945824 405 1429471 170 655725
153 209973 641 1576131 923 1056059 673 1490628
823 1906650 52 715260 535 908959 499 324856
75 231109 608 1726338 46 1289902 93 616846
93 1764291 18 840100 75 1944227 798 1589945
432 764184 313 651578 148 80116 546 774725
923 98315 330 458842 76 1082762 487 8154
22 733710 170 1341184 10 1778258 32 465062
713 1752998 90 1978027 42 1036858 485 75866
22 572982 494 1017375 829 1376308 546 1101785
523 1863902 98862 686877 504 1630482 77 1753572
756 575960 248 662305 13 921574 893 861410
165 1497547 898 1639516 25 448150 38 1194364
876 1584043 840 1054305 65236 1988312 21 622324
708 1211983 45427 859447 963 1215283 287 1296950
721 1892642 616 1200352 636 373190 633 446527
37 1082360 828 1544102 567 279621 2 508628
453 1303680 438 1189881 770 1537699 734 541564
568 471016 65 1544871 83 1087293 310 945569
21 1364599 82136 1022861 647 1607757 31159 411081
357 1775388 136 148035 49407 1733276 607 1718989
501 461315 636 1530515 351 1112405 50 1591662
722 1129464 540 782728 10112 200598 594 1459746
8237 1520838 17256 1099766 517 335850 29 30744
36 1503324 926 1006537 285 320278 883 270129
773 1595898 42856 934298 622 1461241 206 656607
41 378570 295 573975 328 465700 34 485775
192 700528 44441 1152428 730 1016345 28 112331
215 416884 756 744571 1 537090 162 1966387
731 1255844 38697 1877506 31 1675970 295 1776715
750 1243920 457 253165 78 1354116 43130 928424
928 1612418 93 1927248 798 1490831 67 92893
408 1377128 21 1684203 47 1614049 42 1947922
761 1719560 524 4304 297 1266782 78338 1109977
8548 1670262 239 27372 533 1034866 973 1586381
560 734418 32 767628 65 1489727 86 476109
385 892418 135 1809864 347 1161731 705 531865
59878 443028 750 355967 346 601752 500 907426
68 1692638 91 1512711 4698 282262 654 1557992
638 1688147 84 155719 198 435077 691 1703977
41 506866 45 497790 591 583480 466 1659720
46 411980 805 1320217 70 1854461 495 926990
567 890940 17069 1696529 248 433981 735 342734
479 562040 2472 1813681 12452 1966080 841 276448
374 1367848 11 35416 29 145505 91639 1961741
664 748447 72 1200610 24 1015706 729 164405
56 1276296 984 666133 51 1060056 792 1989313
13 718730 652 803631 63854 1110243 951 82732
72 1109788 18 1357478 750 1277822 70 665900
218 896680 367 421334 79527 207475 154 351015
91 1532547 517 333792 930 1836281 70 1287510
995 630434 73565 139822 47880 839660 23 117344
25263 42627 241 708315 615 587206 79403 1145722
689 116806 222 1167030 870 315569 961 1707424
23 34098 70 50011 420 801986 848 1066522
42 1392085 71 586687 95 136520 758 1920025
461 1752830 48 404583 349 650704 52 1222438
112 1950323 93252 1165828 783 485898 100 1398389
64 606482 920 524281 172 455600 626 661214
62093 489374 216 646600 87 201565 441 623691
407 5285 94 81031 103 397691 354 1269156
464 341145 30 1541383 81 1894316 407 693967
703 507594 867 1827555 837 805904 362 1097218
86 844556 855 823769 9 334652 21 79332
776 930599 964 1556196 628 1968629 5 1119850
123 234958 353 1096672 760 187800 185 1331939
32317 44113 97 1027038 78 44672 710 301303
83638 893848 301 1331840 888 407215 641 1600471
18 547716 24 227440 463 994664 82253 1145956
77444 1966576 77 254679 62 331983 7 1079051
51 1971965 342 1474613 662 1660085 516 105200
46 111054 66 1185220 706 812454 439 520589
537 763632 456 1084543 155 805932 45 1299465
570 267107 26 1972097 10 980713 160 826242
817 1095716 770 1889444 378 1924491 22767 1623553
9517 1329938 76707 373336 179 1182792 169 1902644
199 1887391 205 687053 92 1659685 868 767295
248 1993314 62715 1081695 956 879576 397 1389007
988 1452901 97372 1177391 44 1264945 85 1258555
357 1294143 8 230370 223 1681085 137 1556681
9286 1291852 870 1812634 196 338152 58044 778007
827 36077 675 378217 31 139132 650 1735359
93723 448450 55 134717 56 1747679 819 1771828
157 782935 99 252780 13770 1121183 784 1647306
970 149860 9478 236934 1000 649613 768 832585
587 1593628 43592 768424 221 1095064 64747 1726749
575 187126 23 130640 814 442041 547 1900641
829 1025295 676 1765520 20303 1926354 4 321938
577 861848 25 1223770 137 575201 920 433654
399 274209 51 1729766 413 192097 541 356367
81 1320234 332 1382054 67 970482 788 1033601
510 76166 200 922195 98 1023025 249 1012769
704 427091 700 1480788 125 760635 200 1973579
956 1888651 990 591655 298 791381 658 1714246
249 1686402 145 57258 3034 663868 100 341647
18 1762097 494 1143003 75 46945 517 176651
648 83579 58 1089234 465 298954 91 689310
426 1299203 870 1490056 70 1055695 71 1935932
552 1670029 67744 564220 547 536252 621 1463389
412 407373 187 1280674 416 955455 906 303520
570 1241434 651 1835754 70 1065478 98 403846
828 1007909 96 1472725 402 547617 915 1237447
64 719137 794 652478 941 209770 50 1301286
745 1697067 318 569186 18031 1858991 773 1315858
779 648935 875 235106 62970 217080 27 1437746
51532 2869 198 202302 183 143473 873 851021
159 715582 58 1549281 43 1526794 92488 922774
712 1552474 351 1235616 34 250836 421 1263269
371 1613163 121 154136 837 1867165 827 775729
154 931578 556 1179973 30 958555 773 1101293
43 868553 527 1573410 900 1391397 57220 1151200
139 1705602 57 1301903 46 995596 46 856105
198 1314351 95237 359566 230 9200 516 178147
176 84128 915 1272083 754 225624 32521 1602681
9 797151 70 138887 131 1466181 8 1073165
765 1436612 98 1249820 159 1946159 662 1330034
918 1999385 525 450766 491 1893221 39800 1157232
321 1819071 89 1821517 89 410336 270 1778762
708 1495228 22 831824 633 1520084 333 221313
403 170570 924 518933 443 586606 222 1069931
32042 727244 938 260102 236 1421665 92693 1560915
412 1734503 217 1009355 71 397397 7 1358137
917 1966994 629 261876 16850 368970 701 262527
85251 1387904 246 338028 147 801880 725 1323529
99 841647 514 1788429 7134 911460 75 1500135
14 1607202 285 958099 778 1914355 789 894523
63 353371 640 1423282 44 965546 246 573619
678 277255 852 1905618 904 386988 57502 604430
931 234172 90 57280 738 1073625 988 229505
36 1331811 819 697113 28 1578829 96 444983
76 1164541 672 1093080 174 1498307 948 1738394
900 1958969 98 562195 69 641556 594 1002727
191 1411874 15534 480527 29 556739 558 427172
498 1408198 334 1871278 74270 1962513 637 429234
26 1732136 368 1264215 29 1594384 46 30238
19 1479753 75 1623028 97 1776987 45979 1825420
505 1478619 34 5014 5 512591 858 539920
78 806517 542 737810 610 31985 998 909978
33 746984 54 250678 396 1998655 544 681376
666 1721405 340 516147 10 1421309 40 1075193
33 1804240 803 243664 750 444596 678 761602
13979 595365 563 1641680 31530 303560 338 1342954
121 1508152 253 181282 39 1179392 262 1481489
95 762106 96631 628117 488 1132195 87 182938
875 1829399 654 1607328 60 1502529 454 1183073
73 1925681 17 727416 87 233874 44315 1984489
3162 1246334 611 1729327 680 755729 923 1493868
630 1701552 581 1562948 71 1983962 109 1623749
480 342051 728 1456657 763 1953133 40 578325
765 1087719 100 696532 13674 3387 39 1503053
91 89512 189 1574050 706 731661 578 1711741
6 1281467 53 1570076 165 1408114 69 256597
24356 480966 329 339544 855 1861458 129 955546
51 1786971 946 1389949 518 1118834 446 472955
541 399492 99 1505575 924 979561 452 272531
55588 207105 531 1136556 956 1153368 87 177986
867 123184 947 636380 8 115657 522 1599523
871 1210443 253 689163 892 1585938 190 1275362
580 629331 51 662798 951 1537193 958 1152768
868 1153025 807 265411 19514 1906172 780 1562860
712 473036 622 888098 593 1920873 605 820121
680 1198845 414 593072 42 1317817 443 529878
28 99434 970 473676 961 243412 879 1387992
320 1141196 7 639650 279 1093731 722 918040
971 1222225 313 1824065 828 574657 566 355747
26 1854649 870 941365 2 1795049 42961 625039
62 246604 293 1136735 58 1822360 885 1880366
262 853327 647 914924 55 1268787 876 1118896
332 97034 986 1529635 49 621686 89 1573074
101 1866775 464 1139906 95 540980 107 252242
1273 459439 77 567396 22 673651 53040 649816
16 323272 215 1657703 709 875983 724 1614788
564 734466 26 1017281 227 20094 213 1032601
94 787286 95707 318642 529 1482006 78 1266438
456 681811 62 1010324 32 1527499 254 1889317
417 1158121 502 576195 62 1942976 524 122857
258 1990356 901 838499 571 1495439 985 1742343
563 1908767 79 1771850 772 752369 210 1441379
358 1128992 30485 452841 584 439991 490 861515
751 8590 224 306859 366 315134 885 1526882
373 504898 532 238815 2 758426 355 280888
106 1383031 86 951897 538 1645351 42053 1554779
94 930298 740 1479621 671 232556 471 1082045
46 1518302 737 1518465 489 341875 86 1517956
1 956426 50 1224819 391 1412247 591 1286593
705 1630860 826 146131 10058 1358132 211 1742832
108 675710 12 1352694 713 812421 57 1931488
282 1193189 642 49320 90346 1229201 31 238851
97 81928 63951 1990898 323 56779 43 720870
54778 1395885 470 231852 408 1366908 995 979832
223 760369 591 1495398 37977 1398476 8 1042468
61 1156354 227 573658 982 82952 21 1442097
186 1239876 33 827169 63491 213164 111 1383411
572 1177067 672 1029836 576 190250 18 215107
567 1821913 154 285382 713 421776 520 836142
626 71987 33 646059 14 1316705 22 1489841
23503 1326553 416 1942471 966 266217 855 1520766
21658 1080601 476 660686 283 520092 895 1089109
77 1543923 842 1170104 436 899547 46841 1730087
87 1211155 250 913911 930 1762845 280 1155708
21 1250150 876 1984466 662 52692 681 1309940
21 1245328 126 1170236 681 540631 448 472055
560 1262252 301 913902 982 1323623 646 1530736
38 140554 77651 498146 115 19778 604 1470542
397 328303 196 280989 372 165745 10 746434
446 295427 781 1012279 178 1424624 8238 1848744
39 739601 75 563153 446 18039 39 1312684
172 44619 792 85278 142 990184 235 1134304
53 457496 16350 647737 10 1597679 82 1913485
444 704236 836 394637 996 572835 915 437806
180 846592 1000 1439592 728 1887979 992 346763
90 1585500 51 1990857 130 334715 572 1816217
247 1714117 47 548303 255 775268 304 1485407
96826 194057 64 1058607 49896 1557005 638 721165
73 1368604 9 775738 63 1509176 610 1749068
650 1553396 4 1699709 19343 335946 25610 1620108
91 1901816 13 1225884 466 615776 536 437124
836 1081089 490 77213 935 1689680 28 1789838
90 360847 406 122218 183 1549499 605 1817263
269 307856 139 1315842 503 443492 256 499334
570 1173799 221 1372108 961 192430 382 562658
70 1670846 829 811790 76130 914044 63 1803451
89602 986041 33 934329 670 550616 88312 1946651
22 1613348 596 1853691 347 1257943 416 1398109
315 1185494 899 1368162 11 1917430 680 1578347
13 1081992 16 216862 808 264417 73 1543532
72164 1044785 676 282787 384 659586 322 742802
65 1627143 917 1222395 780 143280 679 192654
49 512965 85 1627268 352 1247300 122 1861253
96 926689 56 386563 891 1230112 669 999631
23 1985431 419 1328111 598 1860269 259 1825429
5057 1646110 345 387215 507 1171182 20 1178848
468 575189 203 1577841 776 1899098 657 1613853
752 1732231 889 283125 508 1972328 382 594560
601 1473992 85 1348722 589 1165865 95 490227
351 1244983 467 696973 831 1039072 848 1819655
364 1172399 903 1612468 105 1119451 41 730123
662 910606 41 662459 77 385720 266 350420
54 604862 91 1505512 48 1383346 18 1795568
65 1748017 74 32697 907 1463526 53721 1828295
657 1976994 669 939703 52008 553646 319 1033849
598 809584 284 1637607 21340 1253154 688 1376386
66 43609 898 1908178 77 286765 148 1379195
287 932717 69480 1763012 126 162435 51899 928197
53695 1352025 108 1473356 1 714695 271 983449
52 1717278 785 375997 822 217146 195 1128044
303 626821 40940 1413105 208 1272360 100 1599455
218 1840721 77 446909 616 418192 71207 587927
459 1261998 40 1776906 17 60577 59 1514193
253 300030 551 1791821 83 1993574 598 1928407
767 926454 948 1471197 632 940878 30 233889
485 861486 68 1618165 79 1307918 182 1130471
347 1767011 151 647951 18384 650032 475 15312
676 610427 89 1951335 55169 1876762 763 1282776
342 442828 14866 1118039 569 1748967 205 1146725
889 902955 557 1362179 67 250661 90145 1608851
54889 636796 18 1982947 497 1433099 383 1663024
1927 520731 351 703191 15 1804331 836 1151736
73222 1217427 554 1525072 54 356167 88 51682
66399 1953559 277 284813 56 1434056 74 1221173
483 1699261 74 557749 357 1266909 959 1848027
31 1347221 229 1597497 18 945121 658 1792240
655 911581 861 1544949 92 80804 795 1245156
943 807720 433 1758183 434 1385103 434 863747
270 612643 605 699708 383 1188235 26 74241
863 638184 209 1847053 372 1232092 210 990028
622 456740 577 1072047 519 140706 43945 357661
915 1493018 100 1013747 374 442180 31 885884
27 1033615 10 1167718 264 63766 96 373713
890 885345 335 628370 33 1925614 432 1907911
27804 1556158 340 567937 67 1882389 353 1666113
194 1724063 528 1616588 43 627308 1 1687625
183 297211 18 114342 292 1435154 211 1235845
629 1488010 817 1907130 79 960008 605 1185171
639 722769 608 473888 88 1514409 769 188593
656 1235033 39 1712868 234 1636899 934 490560
31 1327195 75 236753 663 361758 535 1503131
885 1028343 310 1099637 285 912953 897 1732770
54524 1709874 666 230111 559 1369887 993 1899715
659 266266 44 1126567 543 542675 266 1897767
62 554168 360 1848661 456 1537709 40 1808114
202 1619303 687 741131 616 1690842 518 70066
14 1151843 273 1266463 514 707519 657 1211834
46 1568170 569 403217 739 1817847 390 1855643
849 216949 949 1984912 887 326736 252 938370
190 505033 719 1369391 130 176820 13 1920384
541 1499956 64 1985410 701 1974094 432 1254901
248 1083691 436 1930838 441 1900236 801 1782707
5 62007 613 64295 165 137486 549 687202
747 739345 800 181445 16 1933183 64 1404469
1000 1424724 549 1787917 100 1904352 620 1258492
88 102982 9 508662 884 1329821 5 1254200
616 1642555 43 1005835 694 1074003 383 1775967
112 1416774 673 93939 861 716191 276 329188
11 379573 562 1924190 525 1665162 1 1663207
547 506579 92 49823 70810 348025 72424 229162
534 1405315 70 1699089 448 734549 14 1893793
93 672568 76 1683436 741 105079 40 1979705
845 1029758 3 96917 87 825104 476 832140
76 1297165 596 107919 372 1030845 35 255283
331 1088620 406 1554327 783 1827789 75 1971239
966 779405 574 621134 237 441995 4642 1114332
736 1212129 36 1781878 519 656872 218 1424226
33 1117339 24374 1114755 106 1617509 98 1158004
30 1201410 3570 1699322 451 114022 83453 451681
22 1169424 551 1794556 544 1650588 958 15931
266 1304697 77 1028869 706 858190 231 1579252
825 1565380 621 1871028 2 1737142 85521 729689
316 432465 900 1905632 640 1527013 753 1125319
130 1407329 35 668261 683 1486183 603 1526904
314 57939 240 1173971 128 1428053 5162 995210
65 239984 61 848404 596
