3913293
3259819
6491278
8091387
417254
7644056
6424089
2157344
5254165
2754536
8432935
8557899
7944188
4181257
959230
510128
955764
6243054
1415898
4798770
3293265
606380
3868801
5425454
4364777
2645402
928622
8686604
1799345
3479417
5279617
7389162
8354854
9063713
1252621
9674983
4772968
8884448
4502924
9975091
6759273
2807727
3760319
1171735
7700827
2846546
9191438
4381261
2846849
7643599
7653974
2265276
1644313
7154931
24610
1247516
2881485
9577610
5702673
6797152
825
2644494
5401459
8099058
975981
3731671
8733478
8329375
6667198
4134392
3918733
3831851
8912602
727686
5332582
8641136
8592517
1237732
2009505
8844489
2939972
7708540
3627393
9268887
8127993
2177475
4390546
8654089
8264222
5359395
354052
969936
9836887
6184792
5663630
7870804
3324566
7368047
3042477
2023012
7057665
524124
2613206
7334159
4343747
4942750
8119597
705450
7298505
6059597
60850
6211637
1407585
7375475
4671143
5961928
1276622
4725938
2155588
3188627
6383319
3516101
2522241
7641196
5960141
8664170
4182305
9224928
6452315
3415156
5204182
5089328
7175069
5527146
10003
7327882
6437348
9200383
1142230
7503093
8150906
293067
4047286
3248804
8525992
6216775
8132613
2160840
234333
4005962
4801217
6792773
9928680
4633931
8929091
3939926
10000
7636414
6831421
7111688
9115191
635347
9943231
8643874
2504037
5113436
1708637
9334155
6487358
1603754
3829178
9853589
8011227
9540847
7426044
3325033
6604039
5911750
4940654
2614595
5359575
9846813
2491422
8253781
8157300
1009446
6464865
6625403
4654372
8489935
2520983
250201
1770878
767425
2307992
5471875
3984864
1480230
5764548
930826
4660302
8823243
2046762
1288970
4256124
6299855
8296865
7146040
5892606
1167207
7464229
4339982
2394547
4912934
9744432
847369
6377278
8262155
9757387
1733481
2493608
3943938
6447842
6399880
2663103
8318361
3519985
9109966
5890771
2992648
1720360
2323702
4888334
3826133
2541536
9285994
9141184
3326369
746266
233666
1893316
1532473
9411204
3385508
2560318
428836
6330668
1583711
4901399
7557777
1682717
6585166
2570055
7981763
5921835
5225226
7138295
1343209
7884439
7198107
6311594
1395017
6131376
1856455
9931400
8160342
688876
1717066
6489878
355769
2603031
265028
2657998
6946174
1807114
2599922
3468098
1945707
9689439
3461037
605899
2258386
547988
2381595
4379107
9799518
9120630
5693937
1032895
5738211
1405251
5515939
2882991
7693369
1598632
8170432
4489696
2436225
8901592
506402
7129685
4383723
6242095
816129
5249410
6565236
2989241
2682800
4268370
6879519
7956277
2498311
7007413
126163
2451443
3237847
2139828
4900433
9610976
113339
9665784
4376735
4045365
9861468
4134533
1959291
1876248
6803638
2235033
8072753
2482505
356588
5567585
6210773
4533887
6638219
8294608
2995549
9278312
7886188
3435795
3986947
4514025
4978809
3774011
2636611
8182425
4403786
9672893
3529147
9053610
3319294
8510349
3983883
9838149
9278144
5178170
3720313
6199657
8438248
180292
7874466
8629151
2632377
3528257
3235783
3758115
615377
9715369
291680
5918244
1922416
7040157
4500600
8000047
3629574
9386948
6298211
3233982
4208897
2275561
6945950
6531900
6675485
7836052
7901584
7034575
4858526
2905397
2553142
1160465
9482468
4811124
5590526
5557716
715241
4060792
382964
1597371
716489
4263223
1604177
9569381
8243899
2733667
5942155
7419916
3735868
310640
9970960
8457788
9760349
3913115
3091846
6340521
8512813
8579143
6363844
1766758
417370
1843861
2871951
8220196
7807722
7427492
1445808
9125292
704146
8520548
2689588
8838931
2903377
9569766
5890383
2344951
3965363
8268980
4142981
9512890
6804644
146061
8191683
9206389
2401850
5621367
6915148
3421239
3426018
3125183
182714
9525142
9812598
9632667
2480171
9574045
6437389
4481015
5627704
2785855
4867521
7670557
8485846
9739183
8568391
5637577
2738470
8842567
6314606
4671183
7024582
7017602
7224996
7218891
3439279
8670814
958491
3653564
6100616
1448399
2614750
9207806
3912195
3102321
8511246
2274849
1255028
9563728
846292
3170259
6221878
9587247
5739031
1061866
8328260
169861
4596179
3736674
7821437
5349820
5522609
737892
7788168
5590458
7079631
5404447
5229949
9754979
3649103
3985615
4164413
442140
8312384
2067091
9163179
7126401
2743905
9214051
1599178
4013953
6811176
1397106
4216107
8232758
3798754
6192844
9529919
9194728
9219519
4933736
9552058
2777571
5802987
9820714
5950710
7071460
754167
6455833
4223934
5069652
878354
5899503
1061625
974636
6467417
1779517
8619070
9726470
1251605
6707620
6903550
7026725
6491991
5004259
6058083
1834535
9479550
7483245
6139979
6734085
4519436
1376173
1530186
8117410
6217972
723544
7057157
2023188
2223065
4251023
8471406
8281434
7469315
8981189
526392
4641808
4049905
2139269
41457
3489543
3122773
3218175
2409204
303914
2254490
9296973
6265810
7594260
2248488
3229444
7161005
1180037
3011212
1418642
8933211
5420732
9975337
9349711
8464133
3611118
9135657
3736682
2826654
3139988
295023
4478213
8771626
5251483
5364069
2670581
2181498
599326
3695384
4085843
996877
9715514
4021276
7108857
9261646
2432059
7951861
1501585
3555967
9408987
848926
7745069
4524872
3534744
6120948
9379418
340411
5408946
3318767
5684399
6814596
8016358
9440076
7129057
2576916
6450563
6226043
5850212
1760455
89990
6463552
7010462
9557608
7183347
7918789
153126
3202216
139657
1777013
3250072
1096333
5303233
3124691
1396082
8655948
913971
5350055
2800141
7787480
406412
6395896
1737968
8205582
9904187
2782801
7708598
1330130
6012606
6866502
9017862
7796669
7496267
5847910
8561957
6930457
1676344
4816173
7421429
4246621
6732951
8818545
1227304
5560496
3693593
1574713
2031105
1709458
9610418
7379422
438068
384367
1510681
5446312
8870119
2584174
6490289
6732805
3241807
1894555
8354018
6917483
5178427
8977301
5992707
3614283
1139116
9133618
4803754
6042342
8264525
3195280
5907883
8768320
4064676
1806460
9064445
92160
961055
4574194
7522189
4772172
5159453
9010934
9561041
432162
1186904
7759528
8078638
7365563
6350911
2161543
8128576
8625645
8840154
9462983
6888991
7374640
3298298
4387935
9226563
7677155
9707065
5880255
7389420
1639318
5594010
3331384
3517386
6985370
2604732
4552381
4686000
6575862
5483744
4178596
9295194
4684160
7664672
1980114
5289708
4694564
6900698
7599284
3563227
9335021
9834407
2133312
6530598
4764091
4584550
6809654
3050991
289153
5441433
2568921
8815856
3483946
6945735
8645027
2341594
4136875
4746669
3732444
2882720
9032501
7053455
7006425
3622859
473038
6407802
2685581
1312335
796942
1151073
277362
6711649
4928845
8432910
4621459
8317408
9478009
9967934
5271376
910276
8350291
8513587
8731596
6150887
2405310
7559896
3320444
8203740
3426239
816982
2911016
72011
2130642
168524
385943
8115668
8994234
5913175
2333766
5643662
1574653
6272388
5760049
7176196
8209316
9201947
2176249
9194674
8514767
2640805
6626048
9737027
1036891
7218546
9450276
5722753
1497309
5535783
3998966
8052945
4290112
1645472
861919
4824288
1164281
5379086
2872962
1544552
4748002
5212089
9755264
2042424
4728276
8959617
3975625
6639043
277597
3925153
4398996
298224
7201908
6116117
7418679
6109470
1490920
149493
2185905
212846
6885386
2007147
2128487
7863022
6236483
9393602
7689409
462772
9781460
10252
3614783
5041486
5823482
9994622
9500040
7440282
6590853
7538605
7247388
7730355
2362446
1735895
5358066
8760087
8297230
5173021
1104752
3592755
3417304
7067710
4174695
2582174
9561931
1564941
4519043
8395073
1013935
8604057
8121867
193682
2827200
2889895
8763052
1635645
3968075
5694467
1286482
5077198
8185559
208956
6111192
2290535
533597
8115308
5394880
4166229
5499035
2000069
1269067
6301771
3784135
3839196
5642979
5992767
7011950
7953311
7391744
5922072
8487293
2754307
5163534
3519053
8597076
9972639
5850468
7311394
6620497
2392669
6743015
489122
8502784
5365325
5219576
8635294
4455792
5264334
5126594
3191923
3826854
2939856
6058259
5297968
8723736
5271831
5855935
1850084
2932409
2568607
6561521
39966
1115758
7237755
8340834
7992728
1001233
1924328
6860708
6758985
509614
7092777
374294
1644176
6551330
5238112
5069292
8134551
807653
179227
3382965
6494967
1254778
6969111
4479052
2132779
7040884
