1000
454090
837661
625151
626211
68244
991418
403450
708565
717522
600731
119867
803995
947353
77415
341511
171512
873703
908477
684162
594424
140533
424496
734738
243897
581073
722410
706444
508287
727070
643423
404570
838848
319431
124710
970845
645151
672682
40032
719182
586619
242291
905432
237547
280010
411170
628691
391374
141923
174863
338099
148426
414519
852553
225139
792467
513130
885435
315597
108207
715368
489214
192918
202177
875914
325188
545035
137851
916479
755367
327976
256060
627070
75786
627073
234586
394855
236120
175123
130222
139534
381333
635715
977776
402777
164891
485488
184124
89969
847203
338442
167381
748058
473409
250307
294053
179192
45209
856448
84550
626179
951036
349046
118514
587933
722641
233839
488524
350137
71237
403090
603220
998586
548360
884015
218364
80161
845772
401279
924963
403967
820665
409966
419084
422933
925929
633782
419864
913544
340716
474362
575190
618639
655648
762157
514643
815295
614708
807332
965774
716834
509794
591365
588060
706304
825535
472686
962692
475593
380760
63968
648353
871000
730597
942801
225636
816233
686445
107753
506912
741484
29194
365146
442138
668106
345417
311018
265050
180453
117145
784298
410312
791843
92969
58511
67745
478601
137110
162261
830824
168748
328741
635769
829352
569097
362138
45296
538501
441939
581949
707537
620537
966485
703228
247078
749853
213823
955950
359226
218909
485935
367482
744912
312994
664089
633844
640228
149943
379327
493794
288854
724915
714545
454336
25052
188641
766177
119345
487665
78644
453332
808586
265288
175925
636199
553368
559883
764304
401995
512816
502061
182352
538325
586587
41724
359056
436201
501468
394825
116543
690881
636306
921047
672834
544285
557260
652304
963983
458589
556115
735036
124006
294786
285770
714830
533228
593738
718875
648633
835515
673458
270903
275871
418623
704849
556230
752273
156012
473912
696682
454351
124243
245575
608422
757022
64307
990532
516378
824631
530824
667948
138264
331344
189831
542933
578237
811929
609994
65689
510608
659802
986237
37218
510289
575383
485461
909404
86908
375169
376959
928971
436238
778826
247330
40638
170242
27147
697597
694481
223624
57218
31611
413112
872326
140370
248062
419217
401270
271769
566738
535040
633739
24908
807762
411396
989489
637044
688745
659140
404559
232296
525315
388434
811127
892751
225660
153457
826670
50142
577472
485325
446187
689137
172146
179078
559286
885832
589975
605117
176904
158405
111514
677463
753670
816976
791231
800109
980803
228205
597221
717550
501034
132299
803447
215012
15702
159158
202047
429902
415057
58730
426189
63226
324567
242351
760150
527230
640998
809430
403741
619335
306889
90351
274341
370426
583867
449775
259161
328703
659341
238183
428498
656346
482729
494747
826910
91285
740668
489575
572068
444221
798497
480113
886854
125842
752688
846199
515116
402825
899808
836179
237001
159273
629576
951897
433996
819877
700355
568779
241897
686560
543396
651169
193700
403259
611645
698301
314403
421847
857692
146113
114145
160477
886448
269059
422867
282917
487690
160446
995423
553276
741880
303026
969256
767298
829224
450243
660917
929635
959445
723401
821467
951186
873436
845611
464254
428224
143633
870040
782841
363852
613502
428821
820702
557662
183124
528453
821298
355133
647218
812762
43037
714724
874795
463826
141363
322899
585327
51557
1204
306501
115941
527346
117168
956870
352226
77788
272852
739430
792496
12280
563759
989262
536266
490549
946414
368317
443990
70878
495933
123046
374518
586715
105314
861834
787149
276491
820552
979347
476455
820540
178787
193770
294822
481627
113462
466964
953829
308470
193175
782532
325163
130438
552755
256267
158492
12677
975494
418507
308560
781634
684285
303038
614344
234709
730656
819
100208
384671
271814
55424
63890
577021
966782
255892
680287
846171
806173
8650
625618
31320
307479
784505
457782
863961
807033
248766
194867
284280
546147
327035
491904
941048
845575
339275
911294
866650
486513
202970
243838
487739
210843
753371
446555
675510
741219
400561
85609
41276
424
140792
787649
685485
231397
72785
847344
966443
584509
826022
878190
861284
620627
372813
205025
557436
902862
484277
911520
249355
806791
104155
583287
855724
65416
320745
685691
383229
777722
660368
460939
303669
648296
141208
258052
878850
306880
448358
260451
829290
133311
531422
256384
987657
119199
146971
548710
974462
620930
17079
36591
468750
271107
385377
465816
378353
8243
450891
931005
825954
381066
206178
337738
283383
3583
197116
525393
193452
347954
812385
104876
841411
968152
250383
693635
147157
903519
292337
872459
785361
298971
256706
426599
789426
54844
274832
175320
381245
398258
374413
796460
654320
1456
285370
846548
176872
348162
823588
711765
858192
96456
68302
616469
725128
308404
32240
139513
64552
199770
620216
112536
84091
611588
258646
628059
578192
998894
900702
419743
431627
177577
311115
673604
188688
260013
104263
71611
880253
643832
814629
709754
664611
595935
882288
537857
38063
940539
363606
87030
43020
896179
56350
536885
400499
786080
62211
828748
544365
403406
210645
563605
420509
236068
579910
380290
54982
994799
949906
444806
874843
438846
39828
178564
948368
337722
20526
454884
898630
276308
930097
818266
997507
757015
689061
584596
539389
824544
56764
926642
367848
71433
833
909465
513754
545220
84291
595781
386530
519793
244279
696922
93320
943253
454667
599413
916001
577081
463316
772167
413117
316641
565155
155125
752100
325764
140203
30199
146429
119042
758741
529422
33153
573424
651160
582639
926167
3179
712261
295766
213269
816648
994578
766278
215109
997102
738748
735358
559665
754884
259238
988685
669906
436
316340
460311
342295
501547
412509
442757
9362
635589
629513
930647
678387
465192
746415
775175
115819
747475
501512
52391
175675
397048
786029
14446
613208
634287
529666
372069
768069
726434
251015
642807
826475
750303
784079
547782
588743
711969
224870
251689
319768
93378
535631
291282
328057
865859
154865
390511
561360
345283
103740
144115
201521
196086
948090
344523
865324
362684
902724
902908
991311
659594
79194
382081
671824
450391
971184
84383
627903
599228
778837
504289
407987
397313
407485
526808
565545
216516
495926
974925
439574
184389
691073
98053
785394
77470
387578
415960
158759
63479
953164
43474
511628
457686
700808
885477
72518
657230
616511
865819
298233
220386
483401
703446
167019
816796
142970
574307
518513
586489
919332
542073
715721
187398
519887
646998
355471
493321
676998
973098
116984
854734
339924
367888
506815
84297
234038
876670
368412
485677
222736
838058
867466
49150
691746
682674
546691
796789
562969
769912
762096
57568
926004
8095
525495
925503
572319
455306
745383
502527
326555
432982
65381
163272
881378
770775
470598
566299
611763
889459
907330
476952
238194
269386
675003
717222
934266
141811
945853
172820
350340
451582
924516
849002
884462
561287
325840
635957
720951
830990
351181
222429
234294
23230
259908
180813
940034
524862
922100
668390
43948
