100
2 -15 327749174
1 -3 625681597
5 35 534274404
1 -26 963950445
2 6 822832752
3 -35 255822683
1 -22 231953757
5 -19 55104572
5 -33 694592513
2 17 174567684
2 31 35870422
4 -25 166225131
5 -5 27301036
2 33 365842184
4 28 718048280
1 31 415815771
5 -14 918406954
4 5 198768496
4 -37 238606667
4 17 293812171
3 -18 772636524
2 7 766999369
4 30 378023967
3 11 484645234
2 7 987643332
3 -13 696661637
4 -10 475463196
1 25 653930735
5 26 255018784
3 22 314652484
2 -8 619389618
1 28 933974432
1 22 708025056
2 -7 774861740
1 -29 505144502
1 -24 334743601
1 -25 336354319
2 12 421751760
4 -3 263475139
2 35 132499620
3 -18 998641207
1 -37 807894496
5 14 51346505
3 -18 928947569
5 38 754780032
5 32 44887181
2 -40 634600329
3 -32 982316758
3 -17 266444068
2 -15 775814965
3 -38 865872240
3 -36 942055
5 8 953334786
2 -33 841314744
1 -32 683723050
4 -26 205089224
4 -40 537921030
1 -37 572670509
3 26 547400160
3 -9 309963785
2 -17 319940257
2 -18 442087914
2 -32 24368859
1 15 438998308
5 27 316323627
5 -6 788777903
3 1 873725360
5 23 490913745
4 -22 960368460
5 26 232773052
5 39 544618020
5 -21 88924998
5 -8 777474587
3 20 409223304
3 -7 657707678
3 40 914464341
5 -26 754094846
1 14 350205852
1 -40 670418204
1 -37 86207703
2 17 70195712
2 -21 185342493
2 11 188230952
4 -7 123001928
3 1 353373573
1 -20 542375747
2 38 875170295
5 25 676758080
5 12 864337537
4 28 755504270
1 19 851256864
5 37 209652836
4 22 904357477
4 -31 931143328
1 -37 904475987
4 8 379837518
3 7 508844996
5 17 653815162
4 22 625018971
