50
6
78 91 47 32 84 301258
6
75 27 51 91 24 392914
3
11 79 287579
2
88 372964
3
66 21 427737
2
80 732204
4
82 93 65 662908
3
92 33 425650
4
17 54 7 352481
7
23 59 40 34 20 66 238046
8
20 6 40 79 52 88 30 889867
8
78 22 52 19 20 72 35 860175
2
58 31431
5
64 26 92 6 469451
5
43 43 4 60 194402
2
19 145139
8
40 74 24 100 9 19 3 568894
6
32 5 48 59 90 337601
5
10 27 91 43 477850
6
60 97 18 68 65 866007
3
80 46 304512
6
2 13 20 88 70 152763
7
61 100 18 68 79 10 741314
7
6 18 26 6 50 27 657899
3
79 79 979421
4
24 83 43 626036
3
51 32 742813
7
91 59 32 3 11 15 946078
8
33 67 91 83 87 37 18 236852
2
86 179782
6
60 96 58 46 53 845950
5
41 70 97 99 526255
2
7 798606
2
25 602874
5
88 39 30 46 872456
8
90 65 74 79 24 11 28 341397
4
65 54 16 453253
4
69 80 35 98393
5
56 72 35 72 760305
4
37 31 84 219671
2
20 864461
2
33 406883
8
10 38 56 63 45 35 80 904705
5
15 74 31 5 511562
6
95 79 58 31 38 629706
6
5 55 59 12 53 994764
6
44 78 1 92 16 90146
2
71 940123
5
85 55 29 52 397798
2
54 675521
