50
4 7
81692778 14636916 57747794 24238336
7 5
96516650 89641422 25202363 50490028 83368691 2520060 44897764
7 5
40383427 4089173 3455737 35005212 21595369 94702568 26956430
3 3
78722863 33665124 45174068
16 2
1979803 15634023 35723059 69133070 25898168 59961394 89018457 28175012 56478043 31176230 53377374 59484422 14544920 8413785 56898538 34575199
5 4
38664371 29566414 84803527 12776092 24268981
17 2
37806863 42999171 82906997 35497282 11702306 84420926 37477085 27336328 72660337 59126506 5750847 32621730 661314 33925858 41616125 84353896 39819583
6 7
48233368 10515435 85990365 74344044 60313751 77171088
9 5
89947179 80695789 9393585 91705404 18502652 52392755 74612400 53999933 64095061
17 1
43947740 84210013 55636227 49698587 69348095 56297540 36140796 63480571 40651435 75960379 17097468 92066602 76710098 27612903 30573318 3570493 87926653
17 6
85560281 2724287 93209442 94953866 94429690 64228445 47346620 21558441 70744730 63958032 33108118 14738098 7905772 69834482 22890676 10120710 91698928
8 1
55179498 24872354 27254587 72276966 69455307 3964684 52406220 28625
9 8
12805733 20048830 78409504 15530020 13258271 73363369 9959709 77486716 73226341
10 5
89700724 17142619 68002246 50122847 39493452 90892922 60243556 31192380 22597489 11537765
9 2
38792351 11165194 69441501 42757035 16087765 69470125 55324915 8936988 82275857
4 4
50322228 41148366 60709860 60281937
13 8
44316438 71899229 76153276 13975408 39901475 26276122 53468859 30794396 39036030 84661238 5908236 50573794 76065819
9 8
87231012 75335929 84639530 3318777 97322405 39964444 12255764 32114614 67854539
7 1
9002905 65344819 95235129 32670689 51797370 92067918 4569918
17 5
96987744 59259471 59512184 80298491 98295500 96689773 86206726 1385645 72755591 44617506 43268140 12502955 72469787 27907670 68338083 22308543 20388465
18 4
40759356 85228805 89376349 2278612 50573623 37127829 34949300 54887344 29195747 92035569 35354341 87755423 89023312 94613811 47267606 69321802 45425662 96473731
19 2
69229321 5178737 90079445 34248627 77648523 70503466 2586709 52473417 43408283 88213259 59412925 84167638 73442063 1305625 38962601 76532037 38433453 73911900 31419380
11 5
19290072 7900974 7487132 13903882 7684931 76808934 11845895 4158661 37370164 58657200 73387982
20 5
60152960 72713774 24272814 62739669 25187191 67681096 50952927 37116467 4365085 76911341 38422091 43327685 53443377 76855543 69755937 37379108 49517446 88219757 56669180 57418419
8 5
65103349 25032173 87451660 69262010 62402337 98625211 95166343 57467588
7 6
82697714 76667373 70575322 60401256 96864820 74044600 97517722
5 4
35939812 97073941 56915668 65311706 19346229
8 7
7565985 55996659 24763921 55789225 31602423 89867270 80821397 19054082
11 5
17679293 6811973 53207673 70073851 14647626 35905386 46741223 37739300 96306641 43606043 11783899
14 3
15256191 82280525 46942591 24688210 108582 66288820 71499337 14937733 26371156 27495995 92218005 82160380 11614770 82085274
17 3
46247256 58721861 48348143 5575580 64445885 18421994 20223206 52867622 17679568 57962505 1690614 13801962 22262755 48031327 11154260 37518945 82828203
3 3
82936785 76902022 86222843
9 1
66235190 42608873 37949909 77849959 77210499 53448037 8518809 23457754 64686249
4 6
29132134 80321649 1772891 81999755
8 3
83690369 64319530 34514501 84238047 75473789 24549798 67066250 86086991
4 2
15505364 78012498 52910254 71294893
7 6
61761153 74613997 25245976 15209189 35649158 48703730 79895437
1 7
61543922
1 1
96060029
8 3
32266749 92707557 31308903 16504795 20697698 55858700 83571044 59301040
3 5
74806404 73144501 39000682
8 3
87036160 12895152 44522536 12282135 28104340 80171693 13502216 60516128
5 6
22060050 55590965 28298286 70636430 36495344
16 2
29202901 3885239 19407972 2416950 12260290 55495368 61717989 7392293 41585796 89040744 33053145 33102830 87658391 2961683 72655341 553542
10 3
81174233 80172262 50956043 41690361 10409118 47228024 16266762 66000082 75526310 86903191
6 5
89806368 84214678 4504235 61730691 86631627 16764525
18 7
76673169 11328206 37390359 9726313 96947387 77565101 65204347 69602727 30634995 65204917 7056553 64325579 97893530 10528947 58532291 8302648 57756971 74799052
1 8
14218594
18 4
56541313 18561887 43439215 70788356 5193513 12720091 88014413 6059480 41909611 51858970 95966190 4152275 48806356 26047642 69356621 70925434 9198988 87077889
19 7
37487771 41027285 32056857 45790418 51300607 59372261 25125850 37100238 26107206 59473060 76035218 82648519 78034946 71990784 53436874 83228459 84710874 93967638 41804290
