1000
9374318 5040551
5861693 1107072
196367 460710
6819169 6485891
2910121 1478296
9999702 1832447
7316946 7827188
4947209 1785472
1911271 5848807
8208044 7842736
9637371 8169284
2948531 7364877
3562441 8235665
4530510 8091809
479117 7445315
2855963 7871755
8479649 4863521
9541590 8479448
1271508 6889821
4604909 5560161
3095536 4788261
7285742 5566018
5382896 4105750
3572008 4331373
9334970 8079167
4252680 489161
7457719 3254767
2273824 7909482
4011293 5368031
5400451 9233137
9184793 6470338
363498 8217561
8202265 2509358
5011192 8200973
7694715 3523145
5766835 3251129
380699 4170771
8359066 3815833
2124620 164742
6824385 3364555
9328293 6045068
6030678 6105636
7389967 2284183
2401918 1876185
4724372 1028227
8837259 9885404
8575497 8242312
3851093 5358509
8384957 3978324
1663033 955045
7330025 7133750
7995133 8107010
4570195 4324888
9488188 8487565
5479776 7078178
6695544 6474390
8718405 2373123
2493106 6882094
3999675 3656930
7758715 618804
2482782 8825431
5229776 5592551
4807799 4624212
2424276 1789416
7102467 2080258
4841744 9238405
6042668 2225243
2521526 2297852
9628388 9014599
9727451 8477932
6187150 9203582
9367291 2968399
8820527 3989788
3169409 5418347
9865247 4737439
7081579 9504170
9669798 1357031
7390726 6110290
6609825 869568
2604638 3899298
8546246 3723500
3533341 7939942
4760730 8809482
2921502 530259
6892854 51517
4224528 5683972
3010598 9224541
1936250 7649659
6449041 3567058
7966435 6129269
1307651 336686
2770151 6679810
8401528 313123
178917 1028164
42783 3219251
2766725 9164502
7686554 1644765
1008025 3305020
7817190 7812215
5971811 5531307
7920561 8179472
9135210 1264106
6331664 2883086
1823772 9174571
6142610 5322289
561982 9990844
3191206 9131278
4964131 746008
8891051 3011523
2314190 8264114
4103665 4878158
3183993 6985896
8352820 8830008
4812322 7888492
2892104 427219
251726 4300048
7609369 4724732
679052 860041
7814994 9925928
7382747 663945
2643164 1596949
7228309 4886654
9672048 778203
5072523 8265702
883938 6550254
2948682 7088786
2236711 5144148
4136923 9909774
4447315 9260391
7725879 4129141
8757807 1087373
3418033 2996856
2764115 2374360
8377488 7966308
6678781 2987912
8073795 9518237
7313461 6963700
7363626 4139240
8505810 3373048
1199233 3766194
8182603 1467358
5035 2430929
6102253 8603942
4374003 9821606
6340953 671896
2895849 8699554
5561204 5780486
4596038 8589285
1672787 4480160
7729414 8136777
1660635 3235165
2195823 9786465
1221677 9298725
7685069 4262461
1949836 5092397
6070323 9063788
9007543 5173047
4805919 4997521
448803 9477585
7563683 3637505
9148716 7177570
4774576 2831913
9723700 6445940
5869800 8376400
3333746 3996161
6736789 5506165
9952246 6104703
7865637 6373653
4723476 62148
7524071 5112958
7826353 5505239
3227766 9259652
140412 4209970
9867363 5871349
9099403 3700972
5484583 3387133
5205952 69243
3068070 1143186
3029651 1500884
9467097 9599385
3315611 4506913
6252304 3000928
3686886 9149569
6810017 8518118
1382545 7383142
5531334 4939295
6390285 1014242
9531386 4956305
8270890 2159217
4372928 3368843
697101 6569320
6323847 5785499
1228819 5514621
4258467 1330027
3008557 4664942
5536660 9614810
9169078 3729977
8160573 7780848
622303 3971769
8443612 2780458
8165438 6003926
1259619 7353325
4514947 1015344
131198 5237434
5714251 6918899
8319014 3946174
8248098 1110165
6047407 6703991
6369914 7967691
8776882 3619107
5085118 5876010
8089127 6772515
4629534 8843892
4075962 1059951
1623458 3751509
4419614 8540050
187192 3880671
765786 2126008
3241166 6454915
7946090 3804827
7759318 9739536
1254629 4004452
757359 4592017
4268524 1618983
9105598 7370178
7309762 2057040
3292278 8163237
7083212 611338
6494951 3243644
5991376 3913508
1233350 823463
4922900 4061103
734325 8224514
1520268 9524113
8030739 2999855
7709898 3956956
518513 3032226
7408851 3691343
7599206 7487303
7408830 1978777
5088296 7912458
7613463 9631646
8046193 6552793
504686 1451003
1316478 5459172
5566983 7118548
9020097 5259121
8698475 9959990
9293353 3112602
298802 6156069
8747395 6528231
4209277 6285224
9901686 3036737
6042906 9592687
9536948 2269850
7645077 1150991
6988861 3050649
8298287 8377306
5089826 5250689
4876832 2394164
9887303 465065
7121911 4157570
5110705 2740744
9835994 3828610
157987 6751879
5151972 9947901
912263 6118103
1749327 8548298
3782387 9990983
2557889 410199
9760561 4553779
9760511 9419962
6472790 3072493
4493878 3918750
9942673 5861232
2606452 7361562
2250271 4460023
3772543 9807082
1903685 2673496
2341833 8802744
1896140 4363551
1277192 1653955
5642218 9338306
809507 4511235
8377128 275777
8142272 8928149
1451504 8597240
2559610 3875829
6178891 5614247
4800936 3901031
3864788 7378935
4919026 4440865
1901219 3457774
911862 8447248
6846272 5643737
7602118 6718300
4443043 2711343
7561368 4321029
6310594 7133168
7899790 8666110
7876114 4243441
2388588 4680899
7951753 460042
6411673 5118340
1089137 9568267
5669016 8469864
8990160 8296016
7220148 9747152
7015955 9306775
4385977 8141585
5709851 6505332
6017713 5375493
6131210 2927151
5278699 3292733
8000719 6141387
5755854 97173
1045070 7588992
3946289 9092406
9564920 8159321
4016173 8339633
2533561 3640625
5309185 2387649
8908659 3300669
8690622 3622708
9193388 7856780
8352051 383743
6645612 737663
2208393 4259446
2162791 8496738
7951642 716170
8854789 694588
3728492 2069420
3141214 3739997
6018285 7844455
1871818 9112757
633326 1342676
458308 3563114
6067383 5317662
4869127 1250536
5893870 8138989
9107703 7781223
3843522 8663764
4952209 5882265
561252 3675041
4475544 4607032
3741564 1648927
630168 7028301
8900917 1736797
9370087 2606014
3057567 137989
5955913 1314163
5468079 9128015
813496 1660402
511800 7222185
8840292 1657139
8935825 2242978
4566329 2278393
2335350 6686595
3308827 1086512
3246056 7498842
1748251 6496373
8666451 2702525
8975270 1944237
7783427 4440811
1614721 4557728
9425183 6703549
4693412 5682980
8154308 9119946
9970851 197724
5038306 8398347
748970 1604290
7363328 8860155
2993635 4108995
430521 5901220
2057578 137244
6320798 6864190
5387623 8878444
8545558 9924598
2335913 5737711
4797726 9010584
7717975 905005
6251234 4594325
4168191 6407756
8087699 9403465
8749163 9760093
1358442 3424075
8989844 6371576
2255526 1349762
4617577 3306854
594386 9417239
6496263 6323149
9813790 8023177
5361770 5230531
3095743 9064371
9074614 3526594
452162 4129589
5081745 444316
3652972 7927175
5716448 9861369
2144285 6207841
354796 3670897
7222203 8926862
9716562 5420240
3898411 8226416
1563564 3437367
5530941 3572171
4912894 9432605
8102376 1694895
2793868 5522991
3360148 7688504
2493715 2365400
2075214 103983
987582 1413931
8934351 8310843
6211559 3652201
2769122 9015557
3043617 7952548
4775705 8513081
6604185 9642263
4799296 9404218
2570062 901031
7814829 3371026
2444398 8034973
5731547 2265234
3620133 6777222
2651428 9182712
3969386 941381
571621 1828810
5271186 9902541
878580 1774785
7068755 5485331
9530592 5657712
7326564 4380251
79371 6455331
9649969 604311
5398149 1421359
766713 8429872
8837493 5436744
8619747 48837
6821514 1634512
6246919 8052348
3946704 4306383
7679886 5337164
8107682 4842108
9239251 5929036
7301931 9694196
3588495 6064067
9196219 1540514
2060885 6683295
8703885 8179673
7531532 8015654
29521 4878688
5839458 9954752
8685827 4658038
9409136 7940370
2313805 6570769
9708685 7264293
5404360 5513675
4584293 4773830
4178747 8472789
495503 7792057
9109032 8032999
2892677 4464911
5291945 4218645
5160092 3180054
3045875 8441044
848233 6009639
1431150 9294360
9239551 1269025
714135 4924962
475870 5642178
4243630 5590218
2852776 8776831
575993 2205180
5436401 2584994
1387135 2221590
3259319 1744287
6634315 3758921
9871532 7565580
8677161 6958868
2989546 5674540
9071486 8284538
4252243 4378155
9861448 6733295
8841679 3253380
7694455 7765390
7932797 2790572
362228 9779212
6486613 7870681
9266898 3067355
7871370 4159237
7364528 778920
8063203 2984764
8689639 7087795
2128740 8517848
5412096 7814125
6306311 4057447
2468322 6932582
3064839 7597450
2437957 4474743
5719603 7088006
1135487 9821637
628729 9657716
2468189 2239922
8476694 8840390
4503182 8231287
2059774 4056030
6344217 3074697
6588805 680277
4163109 5073040
13055 1832822
8192602 4967519
4178468 6169429
3296998 907741
9551381 5410780
7022184 630667
2201199 1845659
5370035 5061714
9302139 8610859
5765837 9542154
8737534 7007016
3097449 3118493
6376523 9734361
9644119 4514507
4429504 7965562
6237961 1693101
4672958 6982569
4143576 2350429
9032965 6210581
9795741 192897
1808975 1799104
7585231 3050659
6629191 793709
6697694 7342735
8360425 8724832
9667493 1601831
8359061 1432297
3934158 6399322
2209845 6841528
9587331 6891241
1019479 9782345
982733 9811302
824134 2143736
9375297 5435152
778811 405200
5574516 1937326
1033302 2515116
1757896 4197030
8234558 3566063
8868004 6333095
4849445 3049991
6599501 6297169
1609844 5266397
8217009 2921037
7899370 4080377
5281065 1590977
7077735 8722637
8658426 8955199
1689323 8120903
9315009 3462523
6904316 5504464
8384685 9799491
8837840 9991249
7170587 4658123
9814343 8606943
8291425 5026092
8979156 9828008
7747436 8370393
4350944 9380838
9779447 8754378
5255955 6588659
1165902 4453740
4837555 5882514
9911999 3901022
7743371 1366504
8504352 6254543
9992414 8496650
6144564 5179765
6940819 1337578
7361434 5350116
6045411 8525207
8432292 2114308
4518483 6322953
3590401 9015774
7994033 1223581
7868178 93723
8679705 2589859
8256577 8224359
8850288 903178
6264249 791998
9693716 8235768
1290023 7818184
8357647 1465541
1254429 4820805
9476400 7201641
1993449 1279466
9388239 7613667
9689014 8960263
8253938 159515
4712411 4099525
7606814 3484441
4253044 6837221
6104682 3637983
1949558 9155235
969976 9578602
81529 1208957
4249884 5331023
2456050 9561217
5188345 4379281
9580153 275099
3109716 5354854
4608263 9597013
1708374 2573828
7722994 9270254
8368043 1350434
2717531 524221
6205280 1026230
4789239 7351485
7104433 3431616
9562366 7511466
4168697 1139706
1843328 22904
1774344 8906725
4951726 5977668
1597257 4026869
5586096 5462088
633029 7042306
953725 4779687
2189282 8706103
2969908 6588369
2455334 8093240
7316445 3644210
2614654 5751114
3473040 1747399
4654240 1511923
3927947 7741177
6274454 1751262
1912021 6662253
3536670 6513348
2581532 1769810
7154614 9725094
2524271 8764955
307668 9796122
1869424 7320428
8953970 7440813
7996583 4578306
8926711 527205
5382857 8833204
710172 953030
5178276 6515027
3856971 499444
7722688 7423025
6695119 1001329
1044675 6631242
9780745 4990302
5906130 3065894
6386289 6296158
3705464 8763505
9687971 2236637
1589376 96952
8699738 4641932
7470217 6889807
4660070 260136
8654493 2732851
7959919 8060797
5418764 6541453
7055871 5127803
3278560 5163873
1936619 7780423
2286857 2624613
8925109 3364020
5183541 9133227
6678775 6672682
4262923 2428842
9178188 298215
3767327 4453471
2924299 5584614
6760608 1134385
6299331 9565724
5342206 1397864
1934030 5705951
3219695 6729147
7133558 3865530
2092055 1839720
321606 8277962
8223442 4480403
5554108 7094227
1195354 5022945
4059364 2721511
6953310 1974720
7847801 622699
9556907 59828
4555466 6725230
6361850 684997
3421868 6288064
6764568 870738
5734593 3562161
757659 4768706
5539286 748019
6094723 5135252
6299514 4042042
3884383 4059137
6112271 4090951
8776038 2941435
5478906 2155422
5669552 8125866
531990 8397368
2554406 8318663
166499 5984639
1643473 6167610
5972175 7647491
9983727 4590751
6137959 6702766
4229083 3273724
40009 6929056
1569132 2007552
1613081 1943841
7943471 1167419
7202093 5643623
7167556 949655
3510295 3164196
2784274 2434887
753277 318189
8305682 2153899
6556291 2580132
3085466 5240872
2613656 8703509
1976455 5351939
2232226 6821095
9306672 5282587
1984436 8147322
9096815 4052455
4288175 3474126
6364117 3886279
3139390 9066027
2225391 770415
5470827 717085
1229539 9285791
937948 8215791
9879121 8425589
5907322 7881257
7610515 3010272
3295185 2849960
5927246 8411631
7214368 7472424
1481370 9365961
5931282 612017
3244786 4124982
2907032 3974562
5385226 6809517
6324720 114399
3906972 9986256
2636560 3766562
9391878 7895031
5315466 5702746
6803679 8745723
3078479 7447118
1171131 9413089
4482571 3653755
9266190 5936781
987349 1888624
6814479 7992393
2868548 5332240
252859 3667805
7489335 223885
7214994 9406443
4636346 1845874
5069665 7629193
8950477 5730648
7216769 216735
6308507 3501299
7590917 4206427
8431499 2218793
3850233 6432269
5429599 9973195
7392999 9862270
1431221 1774818
2146080 5474405
5084124 2369654
7967102 7939725
107358 138052
6712452 8943424
6830863 5264794
8891040 4584787
9517728 9230533
7880731 7439749
3743014 1058403
1265980 7210266
4660681 3317319
819168 9113022
8234503 9217948
80526 260270
6905384 1657737
1825434 9889916
9470161 3944877
3125725 379663
4196577 7411275
6393842 4020113
2279254 2410125
496674 3873161
638092 420195
3410739 1470072
8610143 445454
5177157 1153324
3146707 6447219
1763380 3474817
7814419 1322839
7549205 5264777
294834 5083938
9455992 1828842
7470118 9423503
9977532 1657340
4176757 1326474
8456062 3828212
5810917 2081493
6987020 6220413
5036667 3501135
5892250 3341034
8086175 2020008
9182930 8410882
3818106 8930081
3010045 1664241
576389 4880477
1280575 3295948
5143152 2215683
4716264 8738448
3577248 7631987
2250352 3998271
9564652 5653659
3327634 595230
7894183 9759511
3293088 5309320
50346 9317900
9362685 1360405
4504764 6682095
310102 4608
9258641 8209689
3579164 2583354
9342572 8042653
8138305 3333942
5319086 304665
6758114 7042105
2503050 9263962
6152387 5032861
9689926 8927908
8292969 9506450
5054613 7429051
2603137 8807225
3486728 1922209
5837237 2263707
501953 6822191
5882967 701962
2332057 378031
8917794 6212343
8326308 6378244
8878794 9859075
1752529 2369720
9611768 5778565
318167 2998081
8084282 14595
3958673 5089301
9638312 9295500
278201 2857228
7852607 7267526
5763234 6486359
2823957 5861873
5678668 9090765
9776798 4052386
6578938 4869286
1382169 7932348
8935189 8411521
4239018 3948312
5572586 5225833
4882292 5029829
4236787 416660
9830955 2219783
3870183 2364656
717159 5863400
1461516 2859149
7488604 1014033
7017631 3352742
1768601 7794960
304910 6223318
523510 1475186
3217721 329884
9978789 3836476
7174654 1922252
1483584 390754
2623412 5052459
8533951 7471511
2245576 2987093
6128829 4110749
9268083 1618907
2671074 7973324
9341524 9145429
7101543 1915660
8218214 7537417
3200761 989734
3972618 4577195
9066390 8431640
2717253 7156687
8011958 8970028
9509033 2803885
8613625 5245747
6816794 3864886
7291256 5329124
3571372 7369543
7139523 2610203
9273102 5416542
3959848 1491840
5559088 3875163
193755 7273170
2067344 2605956
5141504 4981608
2703345 9208000
4003508 7797134
585686 7056246
2107184 4603479
3606045 8026081
7024564 1336507
3766099 4298797
9139453 7755682
5683974 1874709
7331302 9727948
140765 4194771
4692101 3807367
8346449 4587246
5811248 2749631
9296093 1000091
2882097 6973180
1641168 6115887
2511343 4828012
1433542 7753366
3431418 604758
9541623 5322027
1514599 6208757
6113948 7076356
68603 2002482
3437939 8050190
3105847 7460981
1295323 2844329
2648429 5487014
6144623 2218685
8258695 5961121
5580978 6713839
9356515 9228568
8281654 7367211
1792479 595689
6708147 7702109
1308836 1168247
3536607 9307405
7896173 7376703
2219759 4098446
7396622 6215885
5170273 2815402
3861668 263756
9989902 7871443
2401157 743866
6595877 3125338
5758422 4396838
6257541 3567199
1993574 1388720
3811900 9237474
4991960 8023971
5469844 4326231
6721947 7969730
588512 3577691
3407470 9371991
4956314 1255835
9669931 2247318
3204491 6064528
1131175 2973688
1881289 8178603
841394 6731442
5925231 9016189
4261183 7330327
5611056 7625484
708164 3275048
8369231 4289376
9811538 3518485
8480314 9221797
3349464 8617531
4152316 5945434
612218 4494328
934882 6059480
8970409 6679179
3859468 8430879
3235141 8365346
7335516 5161467
4184503 2284196
5359194 3727154
1611228 1827589
4415286 7628622
9352868 400930
5438300 7875454
5808447 7618233
6151809 4975613
1342276 7881556
4142276 234868
9378023 8889353
