90 24 1000
43 7
37 19
79 20
70 8
72 18
3 5
62 19
8 7
55 1
25 14
46 15
24 18
47 24
70 4
8 23
20 20
14 15
61 3
78 13
81 14
69 16
51 21
72 4
38 13
40 7
49 2
14 18
81 7
11 11
68 2
42 7
25 10
76 15
33 2
54 5
17 11
4 23
88 9
25 8
39 3
56 2
33 1
79 14
22 1
69 10
5 10
69 10
27 5
20 5
40 4
85 15
37 11
57 3
17 24
69 16
4 19
65 4
12 18
80 16
1 20
66 13
87 24
55 20
9 15
45 15
14 11
84 16
43 21
84 9
58 2
84 12
89 11
47 3
17 5
69 17
37 16
14 15
19 15
64 12
48 22
28 23
76 11
76 16
63 12
66 12
7 22
82 3
28 13
10 7
13 14
34 8
58 15
8 16
37 14
52 11
24 18
84 20
72 13
82 10
84 11
55 8
78 16
59 7
63 2
19 13
9 7
77 1
6 11
86 5
89 3
52 7
13 3
80 1
86 2
27 9
1 3
18 8
86 9
15 14
52 4
52 8
87 22
54 15
38 19
5 21
70 2
78 16
10 21
37 5
17 20
8 21
48 21
16 19
66 2
54 8
34 18
35 22
50 14
67 5
20 18
17 7
74 22
15 20
6 22
31 22
12 16
8 19
10 24
84 22
3 1
50 8
9 7
90 18
85 3
57 3
35 13
85 16
29 9
60 8
88 15
89 18
1 14
47 18
81 22
83 18
3 6
35 3
18 7
76 23
70 19
75 10
21 23
88 2
26 10
60 14
30 13
71 6
55 9
85 13
51 13
35 14
55 13
31 9
19 17
71 3
86 23
7 1
84 2
29 8
6 23
3 24
48 8
51 9
84 13
9 1
79 9
39 7
89 16
68 20
77 14
8 19
10 3
81 21
72 19
75 7
75 18
57 15
79 18
52 15
62 17
61 15
88 15
19 5
22 7
88 24
52 8
69 1
20 13
20 13
22 22
4 11
54 21
3 23
81 17
2 22
74 22
76 18
27 7
60 11
43 13
9 15
56 17
49 3
47 17
18 2
23 6
53 14
61 11
13 14
69 16
76 11
37 22
58 1
54 20
4 8
23 18
48 20
54 12
30 10
53 20
10 17
67 15
12 15
66 9
54 16
60 3
31 1
52 1
18 23
41 8
74 13
36 20
14 22
77 24
60 8
77 15
35 17
60 5
46 23
20 10
61 24
36 6
80 10
3 6
51 23
41 7
17 2
75 7
68 3
49 21
87 13
66 23
75 15
43 16
13 1
72 13
57 19
78 13
80 18
64 18
78 3
27 11
44 5
3 16
83 16
65 15
67 10
11 7
23 7
67 3
33 15
30 8
78 17
69 24
78 23
85 1
72 14
29 1
32 18
77 15
38 23
57 17
67 9
5 16
11 11
74 2
42 24
18 23
44 24
3 2
2 21
67 13
21 18
46 14
22 19
4 11
3 11
57 17
14 6
28 15
86 16
10 11
57 2
38 2
43 3
72 5
59 10
29 13
60 5
31 17
67 23
49 2
63 19
53 11
11 7
20 10
10 20
77 6
73 8
42 10
28 8
19 22
55 7
40 17
61 12
85 3
62 17
1 8
3 3
51 19
83 23
3 1
79 9
59 8
70 18
43 1
88 12
56 14
3 15
15 5
5 20
29 18
16 18
29 5
25 4
14 16
12 11
81 14
28 10
63 20
39 8
43 23
72 17
58 11
38 14
73 19
59 11
52 18
67 9
40 4
85 6
3 23
47 2
88 2
6 14
5 13
62 16
2 23
75 9
42 18
75 19
9 9
22 20
16 6
63 22
65 20
78 24
80 6
23 21
49 13
52 13
58 14
55 15
61 21
89 11
17 18
30 11
9 3
43 1
30 15
80 18
11 6
38 11
78 6
20 14
65 6
47 21
43 19
50 16
34 22
51 9
30 22
15 18
51 14
80 18
65 15
19 12
13 3
16 20
25 23
33 1
13 5
27 2
73 11
27 3
49 7
73 6
79 10
81 17
47 16
66 4
70 6
45 10
75 24
37 11
36 2
81 20
27 16
43 17
38 21
52 11
35 23
78 8
26 12
76 24
42 20
19 1
71 22
21 23
78 3
65 15
36 19
75 13
25 11
1 19
64 8
49 12
30 21
58 1
57 23
21 15
58 12
6 12
51 13
65 17
20 17
32 24
11 5
42 7
76 24
87 2
2 12
11 15
67 17
78 4
58 21
70 10
63 21
43 18
80 18
19 16
33 8
83 7
19 6
55 22
84 6
80 19
38 3
69 8
23 10
15 3
77 23
36 14
70 17
14 13
70 7
2 3
21 10
30 13
4 7
38 4
39 1
26 16
39 20
81 9
1 3
62 24
35 16
90 9
30 1
35 18
66 20
75 1
8 18
65 24
15 19
25 12
86 24
19 7
46 8
11 21
58 12
3 6
61 17
46 11
60 16
45 13
37 2
86 5
50 10
19 15
17 2
78 5
73 21
88 11
53 22
31 4
18 1
84 21
72 9
24 20
35 21
31 5
2 5
89 21
19 17
22 5
65 5
27 7
15 23
32 21
69 23
53 19
34 12
64 6
18 12
35 7
45 5
70 3
83 4
78 14
1 4
13 6
42 16
56 5
89 14
67 11
49 22
27 4
48 7
64 17
86 12
38 16
37 23
29 10
37 8
4 24
27 22
6 17
73 12
16 10
53 19
81 23
43 19
47 21
85 3
78 20
65 8
30 8
31 13
60 21
43 18
30 22
39 18
64 22
78 24
48 1
58 11
5 13
50 14
39 3
85 20
16 3
70 12
78 11
50 18
83 13
2 22
51 8
85 18
47 13
29 3
68 3
28 2
14 3
38 19
26 1
10 10
3 14
17 16
13 13
67 6
46 17
7 1
40 5
36 9
49 21
57 17
28 17
51 9
19 18
25 11
64 15
81 14
51 5
57 17
20 2
60 3
42 11
4 7
33 16
55 16
46 3
46 7
29 7
76 12
73 12
62 3
77 24
62 3
74 3
5 19
15 22
37 21
35 14
86 5
71 6
29 4
90 4
12 13
17 11
81 22
4 8
87 9
73 4
90 2
59 10
51 1
12 22
82 19
7 1
36 21
70 11
61 21
79 14
78 13
88 9
58 18
78 23
44 19
3 13
47 15
12 6
64 14
71 11
18 10
39 7
36 18
81 11
27 16
54 22
66 19
37 17
74 3
22 14
36 15
35 16
25 3
68 14
46 4
62 1
27 9
63 11
75 20
27 23
57 18
51 2
36 19
53 21
50 12
18 1
22 14
43 9
87 14
29 12
64 6
22 21
44 23
64 14
27 4
9 11
44 20
42 8
12 14
76 7
35 22
79 11
43 16
57 24
52 11
70 6
9 8
43 19
13 13
18 19
42 11
70 10
53 20
52 19
71 13
47 16
77 9
68 1
40 13
35 23
15 4
89 16
88 21
77 24
74 20
21 9
74 7
77 20
66 13
42 23
51 18
87 20
22 21
37 2
14 3
12 23
1 17
45 22
49 2
12 4
22 18
70 17
17 15
36 22
32 18
20 7
68 13
37 22
24 2
19 18
42 14
53 8
42 23
38 15
30 16
13 3
10 21
38 11
74 8
73 9
8 24
12 19
63 23
70 5
85 4
37 13
43 10
32 10
56 19
76 10
22 6
67 23
22 13
11 19
21 18
28 5
77 21
42 11
18 12
11 20
51 14
71 18
19 17
20 2
59 10
36 4
57 10
34 24
2 6
7 7
34 12
76 23
77 12
13 1
37 19
18 12
21 8
14 6
44 18
28 1
7 16
42 16
78 7
28 1
26 14
38 17
13 9
24 12
4 10
5 15
58 3
15 11
31 10
27 4
67 9
61 20
17 12
52 11
1 7
6 9
54 14
69 7
24 23
15 22
60 2
11 11
33 21
30 2
24 23
42 21
71 9
62 4
86 4
65 24
64 23
57 6
73 14
58 1
12 22
50 15
34 8
37 15
82 12
61 21
3 13
89 8
58 4
24 3
42 1
25 13
78 11
70 20
87 21
58 5
2 24
86 20
89 9
9 9
19 2
84 24
29 10
36 5
49 5
41 21
21 21
24 19
73 20
32 4
21 13
26 15
43 24
88 20
23 8
25 11
74 18
14 2
58 2
45 24
80 11
10 9
38 6
42 8
54 8
68 8
51 3
54 1
62 13
78 3
31 22
59 12
68 17
53 11
23 20
37 16
45 1
74 7
46 4
47 22
72 13
2 21
49 10
2 23
26 17
27 21
13 11
80 13
54 23
24 8
74 21
48 16
66 13
56 9
42 22
22 19
12 16
34 2
56 4
38 9
24 17
40 14
2 9
24 20
31 22
40 6
14 16
74 9
63 10
66 15
69 1
17 21
51 3
76 17
62 11
61 6
3 24
72 23
37 21
47 9
50 23
89 16
65 22
37 21
88 24
82 14
7 21
39 5
68 14
36 19
76 18
82 24
71 11
23 2
13 9
7 22
78 4
