199551
-1
207101523
-1
182792738
1904793
14932712
1292984
-1
-1
55003542
-1
48467420
-1
-1
4426688
190307052
-1
118301802
4743732
-1
12494279
-1
-1
-1
299325648
-1
179268220
29728385
92058247
277378133
-1
53793780
208648338
-1
7249499
67694049
482634349
-1
53718634
121579740
46068480
41997312
2366495
116369495
27384144
221659991
57075656
286604580
-1
-1
49355639
-1
6687540
-1
-1
23331964
57092975
52126325
332561357
252126
20087841
55290400
4177767
-1
8547147
-1
-1
-1
552260096
-1
308754572
6792877
7385788
-1
44552599
176219583
73161273
556005734
128666611
-1
-1
-1
11803694
-1
-1
161820725
-1
121665209
64515450
34544255
137884584
26381024
-1
84899640
38003740
-1
-1
-1
31543650
