3000
-306519 10084
-490562 -147251
810527 -261840
-114403 810272
-887372 101039
-294499 -187289
505949 -198999
-471764 -885175
-208304 -494823
587493 262282
746763 259027
-687531 322855
-232083 -474216
-674907 -190731
-644300 389161
-812271 -872387
-499960 -543089
229760 -997189
447471 -241789
-536379 -572081
-907788 588099
-712672 724187
501 -923690
-713267 512140
-307143 587201
-646688 -995419
940076 -851638
618746 -482089
-172652 50116
-703674 -894889
313869 212371
-133402 -838473
-638114 -310319
743561 863236
421692 384583
92438 152014
881163 -383771
-437803 188337
920020 -715767
-552517 81515
900379 31705
542577 670671
-946200 -935765
-370584 248580
-591872 -299682
763446 401013
-244431 -516226
-66742 7785
-911858 -629519
901665 393948
979092 -558884
-781716 31121
221024 285704
-889623 11788
762752 -217018
546811 193156
-965090 62228
-432521 181018
-799174 -816413
54708 -362464
292571 -899158
-220570 39108
902758 -852139
546657 494070
836551 629042
974536 -143740
414985 847828
-597196 589290
368389 -264270
-824909 956857
370036 -997885
-817556 -893111
-420200 -757703
-775996 767099
843614 -922298
-801608 387278
663129 574451
-102520 378189
394479 149097
-894964 368858
-603828 -261770
-362434 400500
-255111 713950
711142 -337797
-567776 -19262
961127 462898
-846525 156636
780020 -581197
112761 490209
445671 359374
-539436 -675100
-405211 106442
-141953 -413460
99482 954761
962283 -392700
-873509 218176
467854 353737
-84437 80692
754239 60030
-775769 524164
-556438 -515792
-887538 814853
715908 -78217
781984 839312
191483 198291
-782691 114653
418678 -288226
763936 915513
138299 -881107
-612394 -564853
-797854 200761
39723 -688210
-413061 -747357
-117679 967095
334585 -27780
-717051 76195
223949 277112
-828784 185100
-287735 -70824
885833 365867
-14615 -734404
398294 77995
1882 -192217
-263705 -942858
-407855 212062
820721 -553780
-84995 -178365
734218 -728729
-427026 325210
-677737 34993
-683179 -548881
-736611 47945
-28095 -600877
-480322 421550
-485363 -144222
-996302 -838058
949910 -149207
-941525 -272496
-531287 -797927
183608 -119835
179584 371098
-697116 -417367
-9738 -81504
177405 528494
456144 563279
-383346 300422
952320 -403911
734963 -71197
-68508 -559165
171396 -340067
741924 -845964
213799 101886
642765 -989228
347811 920521
-396263 -311866
-377404 199819
740144 -391090
-906142 628795
-827171 375202
-288574 -361034
-112473 1056
-266255 -886254
-446265 -400671
-116016 -227475
-518050 -110261
-140310 -678074
198857 561934
-682398 375384
83937 528188
700020 329547
-921667 819305
-821087 952401
798670 415898
-980770 -228626
-752844 955269
-951947 -709981
-903939 149867
613651 775394
36083 446717
-587961 646089
-463084 -577251
862040 -325212
-635383 -730762
-915699 -463296
-828045 141766
481814 -713513
339743 29377
543850 597663
-233100 100895
-618788 -769655
-930389 454050
406992 -406926
-887114 626670
-675388 475942
803828 -719553
388443 123063
-650931 92473
915827 -638717
874846 517559
-852750 886559
-87712 -287494
8036 18304
-861096 -670149
855013 793386
309695 -732676
206741 -509066
-85426 -956035
154863 -801270
-331039 906209
-581288 887555
-556152 534526
-984583 -580226
86262 21565
932751 66850
738590 -169237
685347 -566942
-122351 -172069
95526 717359
991998 -109455
-351782 -741544
571395 -925396
-787780 800509
-970622 814289
-37908 -400464
-43608 638907
840749 170904
623303 113161
-141677 363169
-982449 -690558
617379 -341649
968505 -823343
6716 -982323
-347972 -840290
484477 -282235
301038 610500
478367 975221
912291 348586
-511939 -145138
184038 -343947
-725226 738538
-631142 -956780
-721092 866011
-281796 -643553
-429299 681894
318341 -364333
985237 -981555
-188638 234531
452884 -232030
227449 160694
477583 374564
245947 -162468
-439208 -987119
980326 -878110
345305 63143
260598 -693044
-281107 -990213
72410 -165853
-500395 -735130
348595 196352
857564 243404
-440923 -382026
-689829 311707
-868780 60943
668488 -152857
-893956 409730
109825 -134066
-818067 934298
740991 959854
-733028 -451659
618548 828672
962279 -911808
-164916 991228
3117 411523
-344265 865680
-671934 -360926
431681 -196549
992221 113287
-539623 538088
-137660 -635922
-791066 675836
443953 937515
-331966 699455
316121 210878
534040 709511
-668628 -181098
-57169 -981412
-70823 -661133
-290566 -600635
89805 -308230
50817 583679
677915 -35871
176289 589261
-829358 993802
709843 315461
-51576 695440
779728 369336
-651363 -570223
-172821 -564517
-26580 -970664
-18766 -506676
-597329 -463300
698304 505622
198720 88427
-25871 332253
882157 225052
563561 974842
-809373 657824
-382882 -859757
-488317 696262
-293273 -845982
353251 222003
836488 975390
437665 -941734
700934 -491597
20510 -229831
104049 -603038
859009 -388028
398317 46889
-985291 -543215
-990889 -881132
-938032 -265418
-863053 714791
660554 -723527
102443 -963994
-104344 -775510
746876 121873
-253752 -440423
-562314 -419801
152040 -907168
453014 241831
662660 548495
-195731 -311743
723870 -423956
-142133 -328580
344116 80689
-312078 -306073
677219 -829825
412344 -872565
649454 131935
971629 -609134
-440373 531889
850434 534387
899308 738133
921189 632581
122193 854933
536781 -577755
7182 35709
-352457 -608484
539936 -463435
431721 408169
849727 -793560
28990 -238411
743348 -87448
824336 341721
612185 -52582
481316 -859942
-940838 766889
-507388 168721
514670 -227585
976680 -202563
377416 850644
-632588 -177519
715771 -888490
-482342 -726090
-159885 -395961
262115 -380645
767290 506228
-344722 -348806
743857 -421570
-939001 -418773
905216 470478
40431 -846698
-576226 961799
-988426 825558
503164 72754
-520182 -677632
-655287 -817381
619887 -980820
-483290 493663
-438147 970025
203538 -57015
963120 511584
585439 325470
130249 170732
72300 -888191
-744831 921809
500223 253132
208781 91374
134061 189535
-730103 408678
416637 640591
-65840 -624611
-111020 -360340
-814719 -923069
-78532 -334860
-306294 -401268
-635627 155637
-265325 -312320
858142 -448143
-187124 231073
429253 92465
850272 -364618
375275 -148565
478296 -918845
278064 743213
-459779 453093
-163533 980114
-171800 948120
683867 615420
670620 -382873
-676134 -798653
-848965 70644
-178292 863156
439059 -631301
290180 485987
597437 508347
453781 718676
-803459 -93066
994209 484211
603414 -128811
872458 101587
120625 -595033
808700 912502
-319024 856980
-899834 497169
-650152 943897
350268 -466921
-211040 781313
780427 -475296
-293194 -542285
-90215 448927
289934 134569
654804 86171
391808 68118
-85607 -769971
362918 -243931
-31521 -271015
901772 -951205
457389 -865049
-746327 -456533
168819 116784
-410947 286400
-661493 -834212
247735 -986002
247995 858791
361746 597748
30906 175591
543855 -266884
929646 589011
752354 -98133
119904 -745888
-677679 -839742
-986342 358502
866827 -423484
277508 544168
-995040 683912
-946099 766983
-652595 427856
-682613 -776947
321550 697702
-65424 894756
-355519 -533988
-660326 571784
-697688 -851861
413815 6149
295952 -201593
619044 884342
428182 882821
995392 15041
920037 61248
847050 -940761
379589 876929
459247 -147988
-576480 -861132
481701 691272
747908 160951
749854 187045
-667706 -532839
505947 520285
-901417 -993471
891888 -921138
783427 -895992
600491 956966
453896 609021
176553 900522
675837 623196
195319 -474719
-490130 622990
466251 -366526
863226 106000
-354565 -635279
-74455 -938424
-29120 632454
631767 -345229
478753 -935181
650220 994533
-898431 -146241
861136 844301
-662723 -624692
-914859 771054
-274626 721814
-388025 960584
473548 90976
-503339 -570710
817409 -489178
-576478 707217
-51559 -487929
821050 418140
-747672 353265
-586464 225261
994820 652905
-738171 38902
-974455 290886
-323767 -521398
-174562 -166961
640889 993540
-113360 -182753
-306696 -582771
-10649 740873
159418 11164
180207 -34632
411999 -568792
-999475 687086
-281247 -903585
-471901 -676932
-353772 474062
907133 -579044
462110 973639
440535 -969684
-74450 -936432
931614 -262516
-753268 -608594
63055 996960
715544 -542650
-519835 588129
-316757 343914
-480245 961112
-954884 -138097
-958127 749016
-860811 -945843
-944998 -931560
415388 437405
444155 -732164
135781 -217249
-706746 232156
131650 736270
-940873 650155
-784983 674671
511502 -403814
732903 957591
-511474 -41982
934 -660593
383804 248956
552031 -222042
803278 672687
204093 243190
-462122 905770
802217 -380536
-960368 837852
125298 -32219
401897 178079
191434 903892
-703076 862070
649206 353020
-201047 -141978
159599 420149
-249684 -505886
-808434 344570
705439 -961983
583455 145505
782646 423579
345636 -585028
-501841 -343359
-744084 143643
-659460 297818
758833 -297170
604964 -14540
-156364 -105622
-562262 552091
-188119 -693371
98017 963649
180328 600559
-747724 136698
505967 803674
617186 -462396
900417 130250
821382 -18626
-504723 -898753
266886 502923
-812977 -937810
-578776 541900
-698515 -905205
747687 432857
382566 -312145
-389725 939089
778604 -272222
-666615 21475
-526405 -263910
502446 380150
824049 368623
737654 -513131
178893 -714215
452039 -214702
865229 -62885
253234 -801339
216920 16657
-696629 -231002
-20353 -41095
584477 140047
-264792 -649637
-39948 -327565
816876 393980
408275 -218178
-668739 712533
-886667 507433
533758 87984
368608 54810
705670 748170
781645 665962
-309252 612336
325173 -414550
580000 467991
268715 -318505
-679213 -405868
919517 265958
-651152 -841590
-418023 -967573
-392902 -518762
-598942 253547
-480724 186500
85437 337750
385910 758739
-143755 -654664
-415262 27178
-475895 -160149
496562 -104192
499030 460016
387881 -124384
-366810 -874517
818466 98906
480278 -589591
-489628 -589323
383929 806932
-595168 -865288
-310063 697624
539681 -813541
393971 -814149
-13282 -407392
810198 363267
-219897 245680
287832 244497
11231 -36706
-38122 669040
-948845 384326
-937829 -579494
-680639 -498849
739434 570805
197147 -469419
-227337 972094
-887630 -451374
425431 31369
539411 94262
723809 -840865
-493247 864629
-95317 -425991
-248161 128262
-583998 -110651
62601 -913879
514878 -263329
-648003 940823
-209698 -730696
-190132 989869
-738604 -616374
924056 -572687
95275 -835430
-318251 -597682
36516 -605164
-217263 478649
867786 917029
-821027 575983
848220 712165
104246 516603
159320 -345788
-871259 -783848
7303 -368098
638146 -35923
-760950 964298
-235800 -715221
217916 -236135
718630 157914
958633 -446850
983085 454281
-836099 523936
933204 607779
-748110 -490378
-127103 383917
397284 645290
691266 458754
-657391 532680
-306948 113417
-354163 -226476
823631 558460
-326452 -895607
482164 358439
107648 751945
386297 322487
185557 -51536
-12356 -309218
401722 565186
63700 -605387
-339348 -399335
-346503 661471
482126 -784939
-397015 485188
818709 19105
908713 771221
243057 -281562
-366072 -106846
-525672 -841755
810186 -975014
-828109 -893442
65370 926586
289299 -876173
-367928 -323027
986275 70024
442688 -164975
188992 369592
59982 960664
619566 -437943
774843 -12751
577452 285547
918061 -594768
693384 371121
337583 -429296
-393335 776405
794371 69113
-894732 -32405
-88539 579050
69100 635751
642547 -670550
853428 56676
-681406 -965371
122731 388183
795612 373464
583659 68644
948565 -151283
-506994 -86083
-58774 107010
-537774 -2300
394534 670268
-718006 891305
292682 -35356
836621 -362775
-801906 -721092
85544 -643406
563503 -717615
-960159 385798
597978 509561
339280 -440443
493492 863575
546118 -328025
-92146 955288
672652 -207871
549200 642169
600324 -573807
924662 42943
487290 -292223
781900 -204255
-505161 534382
438771 818256
635897 -784735
-728505 -236772
-212587 -278095
33673 789376
-10238 -705458
463596 501164
-941802 525554
441093 479483
903823 -858042
45605 485238
839340 766983
-23980 268115
725673 -967728
231343 714031
-615189 300675
841607 28575
507368 72797
-63653 -768888
739635 390429
-14867 694134
-165509 785065
774167 -714104
137753 -175701
-772662 -699879
77066 383704
-715464 585750
785595 720943
896023 -413567
518787 -215556
-615446 -226809
378906 61825
-130496 809434
176725 -171649
770080 478717
192057 646532
-808484 982992
122278 687818
502252 746430
-215792 292912
-801275 -445908
186992 484951
409112 -947004
271678 767780
-18683 -501485
749646 646875
-5116 17665
963762 -868232
-185406 -426074
515610 559784
517829 -239603
-308870 143865
-650282 -498129
265897 18852
-979330 -450270
442323 544199
-954208 -99675
-357316 14540
872490 630338
-815139 512397
35260 -235752
582774 670992
940852 -31257
44443 -501989
944937 656576
-556603 -957867
-869211 553973
600827 -550867
-870483 748479
654867 -938259
-149473 -241231
125866 -822494
364750 -190979
508434 830979
-953482 535840
238643 -244079
685800 466645
489435 -17688
-283276 601658
781810 419294
525071 -428904
286521 -80008
-190389 982089
-672163 400786
354073 -155840
282904 71671
524150 617253
59811 -301361
969078 954775
187434 -584007
-81162 918193
-166976 -358973
-37981 122666
707034 243092
-702620 798853
233581 153227
739426 -92251
-723954 -711449
418656 -405518
-122765 -560953
-74081 -935419
555493 768546
976460 313129
491613 852772
782506 -627679
314832 589078
-253257 283306
242318 985317
400745 550628
-302499 -212024
674190 907477
378376 -854972
-335089 898192
-320355 -547074
745445 563811
-295657 -312091
425520 747147
658661 282940
-552987 460920
261841 25219
-116578 122660
581954 -677662
-390171 -707469
-183575 -11378
830888 299845
-459478 709190
-228322 110557
412199 -745388
-423653 845797
110340 769474
-488073 486028
153619 944637
-232265 707946
526139 438710
218579 676108
-407684 -509095
-224945 -867795
-518867 -199471
-44088 367632
622537 -845021
-740853 -583889
185927 -15094
-588075 854449
492249 -782063
509885 -606025
110567 379262
629244 -872042
-834998 317550
-735457 -214308
886420 137168
-560532 -858654
119285 711777
-325026 807485
-690737 -980308
-14172 -44788
939519 598447
364006 619086
-303123 684964
-177291 -112362
-796212 669196
288462 -493461
-797744 -231509
-38394 486178
64407 -596472
-807786 -451272
-943289 -68345
-712894 602609
873164 -916977
631350 -74822
526588 -787771
918457 794438
817215 -956096
537148 739818
16700 -332425
-870078 81276
-165846 68539
-31617 234800
737685 136650
273242 929003
-787987 -193225
700237 660102
599419 438316
-333271 148617
407785 794115
-583984 473446
172066 184181
705953 104750
603336 -931569
825388 526594
-79745 416692
-941200 -60659
-82198 667847
-476869 86775
389756 405155
-558360 -544733
-11031 -837485
177703 481177
-949349 -920658
-885512 -13397
111482 588168
-195372 676288
578049 895232
-465617 -165334
792873 -622544
886946 -930315
-814330 -872316
309235 351286
8870 -75172
195829 929859
-947858 -559563
-526001 218901
566376 438220
55236 712392
-282927 -325390
426212 719597
11116 552730
-68760 639209
359532 -176899
595325 502877
295054 -555186
-111762 605001
-156016 551804
-533068 -94256
-968051 -195013
557812 -656482
-802368 131701
-707209 -784933
693019 655102
-797267 879731
771615 48118
-20793 10247
-924810 891620
-552028 422443
87981 688360
707511 881083
-263553 402643
-552503 365977
-67568 76495
-682443 -442718
922379 951056
-36367 874324
-830221 -31149
382556 -512753
252019 351055
349237 -529707
114517 -317723
-34102 -551368
-980082 -275183
-147358 -170317
-590318 847281
-626246 -316584
-100614 26570
110341 -842273
-258301 38268
-648616 496312
-709719 619442
225760 -441990
63525 -535737
-590161 405985
451092 400604
-596732 -99284
-382795 -700796
255608 784862
423945 689727
341683 -265720
-281437 568887
628737 -543291
-208979 -264891
-315029 -179476
-965959 119995
-139555 -773875
7128 -256063
-781724 534413
-482700 214303
392780 -702165
-244855 -567817
373648 313207
924438 -433446
746579 -862220
868196 685966
372303 992564
452255 -370208
-80231 277937
-369413 854763
2803 70908
489990 348689
-369245 470275
690855 302447
-827694 311746
-158408 160814
-914895 -865874
-689218 -403436
739192 -518034
43597 103254
-352447 959084
651516 710053
201442 -372224
125641 40317
-385650 158429
828032 829949
91009 -620169
-841203 335545
691822 166171
-664647 16152
813618 -767202
42033 532945
-542184 -67316
722651 -497628
41527 -177706
132986 133087
393138 -956995
-993260 -404728
934943 -976969
-749356 268690
650492 -478552
-317481 -518062
507421 -389992
-765777 560094
-357501 855467
213037 171178
-953334 478741
795105 172165
622178 668463
-46312 -432960
321236 -945802
-575689 -66590
-19072 -451147
-766792 458992
34476 -186669
-499209 -548013
-539025 -964080
-262314 -621483
816586 -157117
-309068 428033
852628 515401
109744 -638376
-211132 210419
-315557 777315
-289299 486989
957288 878164
-595891 12777
-815282 -847970
-252348 -138524
197017 -617233
-647422 582726
-197320 -768523
-184730 114508
343424 593219
341063 -491398
43360 882709
31504 170971
-175135 -30035
-561391 749416
185482 997357
715032 607060
729486 587532
-470180 441121
-869459 481884
-276399 -511837
-966046 723292
558553 -556784
-51569 -516516
-417801 -68746
-792279 660726
645151 80837
-258067 9885
131422 -311711
292151 876433
-951716 738148
-563947 -288364
-825898 -18156
-455539 -181198
-459531 -362300
885764 -554103
-999420 -625603
-854784 384841
67403 416558
-879457 743741
-663251 149835
-963373 567795
26552 198071
-828870 980584
237107 25081
26705 244925
-717042 799198
560440 580753
-472227 -162716
-959644 -19000
815113 -142434
-196960 105455
174025 324813
58805 384280
864182 684949
553442 767724
247578 -755052
-321085 -374903
377249 -930112
468970 683475
662334 358133
937030 -131905
205435 -943432
879282 -692825
975985 143535
-160090 -799013
978237 699146
32425 -269180
-56491 431158
-162454 19754
-990110 -791828
361888 530707
-914757 -486104
812940 -64066
-544365 286606
101707 -637118
862862 -283359
-353738 736865
240344 -321859
-823425 64714
-26374 -435800
535184 -551727
271756 511169
-621302 263434
-34241 -772158
-952681 -437123
-646077 776208
686167 487841
-609594 -763530
-672232 -346766
995522 -118607
136514 -57787
-780822 794538
208114 374775
-710617 520426
-415755 696479
-219277 846984
-864539 -365780
600240 -151603
672998 -849986
-824849 611469
379151 669717
706465 -976297
-870887 180850
-69491 -571584
423741 -351191
-686091 -582144
-319958 -312394
-240662 -472260
878791 -970627
-980734 983327
-241118 -645783
806676 572479
-513667 -439745
-727630 835995
-423596 -667103
988674 -174586
175647 874544
-873788 -266916
-670901 -57334
10892 -703522
-968702 81485
861820 -844866
985739 32463
-271007 -300832
950620 -644726
829357 405135
-139280 799274
13848 262109
-671684 -509937
-465352 -174227
131335 754133
-937246 -900139
459429 -317760
-707629 968763
118428 200046
-608496 834155
-264758 481532
-910998 741051
519653 48926
-772777 679257
150774 260678
110384 608275
-23619 -291671
395235 522734
884099 747875
856451 -812258
-136490 582974
413279 -828508
760140 954723
751786 94094
962405 -584740
-682005 742372
-512371 -303120
365152 866249
701776 779545
615136 -840202
479245 952257
-952124 -515026
259842 -817784
-176853 321571
296334 -362379
313819 -351636
-136422 76703
-334923 -392191
-841781 -307659
854437 907855
-311693 100050
-216938 794047
-170130 192258
592058 -764020
-276654 -483172
-288911 -696454
-215221 -380601
222501 -79237
537816 224856
168182 95044
-118879 -720658
437861 360375
885764 -18528
409080 959804
-901376 962918
-867146 -408339
-382355 -427475
-413039 -253067
555261 -314584
-512852 484761
-208724 -142401
-392990 -313720
-860977 -401082
-357269 -526676
-313624 524243
-73850 448910
-7855 -497217
329671 -450249
-714270 536766
3524 224631
737115 -754061
-419925 297179
385448 472359
823428 -689529
-158502 -156905
87518 178588
603528 -636719
229664 -557241
-78167 -373046
-725176 841068
-288231 437990
-506189 -385324
613954 727812
299238 -916452
-409609 -338868
980001 -567489
438318 -6614
349297 -533304
-129368 -998995
-315828 248067
-135346 -646850
-973193 -453466
-507109 -419156
-832848 538536
-616528 781605
721889 926109
998188 -856084
-74102 -739730
-941315 -525467
-401985 -444672
760605 340757
397686 856279
382116 -689910
457158 -904991
614439 965932
167558 -304302
574762 -693646
-867707 450801
-341463 158757
702127 -22942
149587 231310
5939 427730
501236 556445
722190 827818
320819 655383
380821 833158
86669 185141
-60562 -980353
810577 712164
841979 860717
-25911 479812
500487 991830
959182 -72243
530292 788779
144453 832083
-105438 -918600
-587724 213247
-343579 -610553
-256436 -348150
-401144 -486029
515804 181539
927027 843875
596182 310276
290526 2840
436389 -251290
919099 476910
608276 773322
574327 -510543
581849 -846263
-778514 -492243
-882849 -927737
428856 748923
-382311 971548
392566 998867
-43588 -986143
719250 -529123
546364 -370782
-925963 -114937
561638 930277
231704 -323759
655586 595963
974908 96259
-519657 683335
-752351 155654
-146264 337267
842840 164067
907502 -587808
841406 618891
801102 180117
-21221 -204729
-5356 -374791
-719882 -216143
-723504 554102
825418 -118765
-406610 -642464
74980 916253
199535 951652
149385 -308315
-655012 -902623
-664085 -833771
274163 460723
-64111 996071
-536588 -227878
-595087 516664
185819 522841
-804045 647661
658456 861525
-627350 -770264
-726453 -819560
82354 501035
-673934 -560244
526046 781865
-379114 -122590
-875587 519751
797518 -449097
681230 -976078
642184 828047
421754 -926924
-17229 -961758
-858981 -444734
563698 961477
903276 -939009
104079 -135711
620220 455421
188329 28172
-742530 -858373
83856 -857086
-597438 -183513
840483 1708
15543 -785415
870625 138951
-153795 -393582
135057 354760
-547290 -483581
474815 611862
548956 188205
295276 -307660
-209073 949759
-364340 -637401
535903 785705
-979137 589598
-653299 -717593
992712 31081
-725785 334785
113331 827109
169937 92797
-513659 464845
-993689 -553270
912456 -609826
-866687 81518
683699 623644
-886531 -838626
646948 717354
-466016 208001
-882087 -389587
-512465 -903440
-77228 -842543
-597495 603339
774268 919671
386378 736152
-514184 -792489
243224 718620
494526 -83416
821082 -788789
-432121 -51623
-577491 868094
-809944 433718
515050 -488705
890106 -652930
-838050 -372997
475260 -789119
-489481 -218906
-440277 740914
-509239 -936106
196701 -975528
369715 -423190
-91718 212792
599988 -444050
-508436 -545892
69622 -559522
528057 623013
-314632 61806
697777 458074
-474222 665630
-926203 -566208
56081 484811
-874709 350931
-649813 -807633
-423739 -559428
-29352 -874732
-961257 848754
239843 -660206
-879674 -347031
300910 441045
-652905 174140
-471668 -913302
414272 -399029
479188 541132
740879 -714694
472192 919319
124529 420791
594222 -273649
-943776 81579
-569891 -692539
735267 -394984
-307002 -814202
954202 628604
-170796 571038
966713 -867251
-813149 -512580
-122412 834912
-38413 -901897
651456 578996
-363320 -410733
-219452 416215
-344553 -576209
-930284 -419436
135925 -189396
630331 -274364
-662006 441660
420662 146188
864179 257236
-915569 959481
-804751 389274
-48482 -430351
-773465 951243
-658745 508092
698770 -154656
-14689 -171901
344886 -466925
-765473 197159
-425773 220136
-712197 963570
597114 -400691
526357 -626471
265548 -802828
678601 248875
175610 888353
-635615 -763422
717437 598792
-117243 -902031
716707 683494
-355433 492429
411045 -266578
15243 228351
-238603 -734877
-289109 -919336
-688955 240960
-372774 -495434
-531840 648916
-1958 -744066
237343 145064
-747793 -724990
-332147 -685913
458532 -325385
897802 -123835
-146936 -993328
324787 -127262
73894 -69646
-163602 -640804
-902062 906774
747237 721924
978895 409257
878508 -321647
-730936 -648816
918980 -275228
-939717 252377
286198 802646
-15507 537483
358854 817816
-535756 -532533
-522810 -747567
-373579 629867
882724 -590648
-817799 814440
-421569 952138
-316637 589947
-87361 -816689
712213 -663967
-578891 679948
-555144 285651
124679 425092
413703 -402356
-148112 206261
-368725 -427473
529212 -329913
61555 -760774
-792188 256930
68239 481284
-616689 36587
495074 -144070
-202700 -901583
83948 991703
731158 -12907
-95951 -199859
-339203 -207855
-696877 663509
-395040 -845442
24583 834476
56396 690378
971962 -662854
47713 -820121
752319 374599
-293348 747286
-224118 -385952
642487 853705
765171 107426
-514558 -816200
-897742 -587934
-325989 942397
537912 598275
960663 886940
551025 -529694
984546 615717
-229209 -89657
827250 -739082
-169694 902538
733427 -906357
-949409 304953
721111 -476250
521183 419136
398004 -654571
411234 -689820
-843196 558570
809930 -651167
154148 664493
-956892 -508033
28804 279127
125560 285133
-891831 478064
-592964 -264811
-646582 -144274
630991 -834322
638656 -356283
911854 -882179
830030 -270750
-373438 263921
-335903 -651499
222863 799766
-655653 -324574
205387 -708936
-651566 620128
591033 -330961
-534648 502964
-940476 -357152
101987 -65640
985370 -578303
-518643 -253540
-539429 -332078
-62399 -224978
-752947 -742240
-224169 -580159
-793778 601472
-451869 288858
803687 -85492
1071 18477
-537899 926216
600315 -708139
25570 898900
78112 995236
-657367 671007
329366 -870154
-274686 -296448
811324 113660
-819641 822486
398494 -106047
-742138 -871909
970571 -642417
301515 942239
215869 251047
611746 -950955
190102 945229
-862451 629291
816600 -930380
383948 -830834
332251 -527667
-984976 -375066
-101234 -464346
-755379 743164
-98260 376639
-929180 31262
-237695 717775
10858 -823215
995297 -644331
911984 -292789
266119 397011
969969 -65601
923377 665944
445231 -751525
-515307 337293
-777396 -742483
7753 732729
-634725 657185
-949945 -454105
506671 615985
-733184 -788451
466890 429783
649195 647354
105211 -289488
390134 989274
-29663 -514225
-577365 -781161
-984215 -69223
-80129 -998285
-339877 585238
746372 701722
253532 674232
581231 -227586
-498285 135435
-713389 -678341
470220 -258862
373543 244460
455123 548077
923602 -593627
954721 438198
-821121 48943
-721543 -957739
693793 332266
657973 106339
-664747 816907
-697681 57241
-669214 -795472
774430 684826
-159598 -395173
-804312 -522889
520866 -321541
-59023 -120412
360495 -845396
866269 -963388
735935 -96415
-751101 -350984
161485 349693
190530 -615849
844616 -715279
-145444 887264
445763 -590486
53531 -842665
709963 -602385
-662651 497680
-199590 291559
997826 -560572
392451 -153745
-393422 -453454
948105 41766
-435308 -633445
706078 318539
938930 873419
428085 -173108
771519 661948
-170838 -465831
-157801 -35249
-82466 -986556
-567803 -982578
354304 -311589
235344 -337015
-552136 972857
874323 -331553
742921 389838
185408 102985
-38389 -477258
-262089 27465
-18464 -627230
850800 153122
-606594 -504222
879583 806130
-457195 237612
753915 -159833
248133 949737
206866 -741245
53556 -713570
-369175 -276319
704462 625831
164126 173004
239281 330421
687353 -676048
-490488 388891
52937 -360988
-447762 -260400
377949 711763
986258 -140418
-395028 640826
898065 470445
-145693 765556
-763242 931389
610888 -608786
-435900 -344806
-606293 -314094
-425617 591000
-195250 -816731
838388 -733522
-756353 733380
172039 -152233
-153528 -11982
701407 28532
-836020 231617
903069 -923241
-867215 904882
700752 733400
-766748 419427
-291942 952427
-372785 -473515
521191 180999
-460796 594865
843702 -752377
-873213 422213
622750 352076
-212370 -344521
343955 854141
-109320 -240445
-199076 397960
-638412 640745
-799141 333595
-181371 891028
-361622 220264
348055 -746968
-603279 488779
-150576 187848
-863521 995632
-896082 -197978
853216 -815247
884091 -479651
-79010 -103377
-398573 368518
-304261 -20898
-765825 609334
974699 -786532
364465 -776870
576212 234368
-188348 -265115
-883412 630148
622690 -393928
-441376 526686
315144 -780371
540959 -415768
653416 -882125
-396627 612559
-469723 -304184
-267871 397658
-473414 -175964
657704 361455
184638 -900558
-108117 -371565
-805973 953775
-81948 -186246
-905438 -367028
-537099 -774411
811123 -819590
-120428 -582380
-314707 -680519
-436301 -756249
223607 684300
-141110 859984
-423209 -151182
409110 494912
391171 -825784
619829 -801375
63696 130453
-856276 798796
724995 -618098
-661852 -972999
847017 476625
-80943 -884314
267792 733552
569560 136850
-270193 -509328
402655 -698223
37045 -437312
990286 -980940
-139433 160789
-93679 888462
-419446 -119546
-581261 -435248
-866106 -82694
567320 113345
-949692 696935
889803 374713
996957 -633887
-535264 -803519
134751 -406399
-780499 -293617
895408 69920
-134664 -345963
132132 483179
777090 -715263
960967 -476221
65120 396517
794678 -13246
-717714 985708
355118 864772
413522 415430
-373302 -332060
574539 347074
306545 68884
-369957 -176776
965634 748028
-145826 544143
671738 637617
-308453 -110278
-612374 -154686
757905 714461
-656909 -60960
950323 679331
298123 -831077
505621 346704
990622 392056
363782 255614
-794757 -79222
-979944 -230372
136361 -94074
360288 463075
-986310 -596383
795472 448503
25160 371257
126627 613763
-69398 -662899
-924979 875535
-803385 404352
170472 -414130
48876 -637564
155685 723788
-259641 -241336
648209 -89736
87247 402204
817921 57549
-832502 712894
247035 -470367
-414802 -245659
-242446 -742046
718215 -872880
68182 739805
818200 991243
20953 55504
-691445 782894
-622131 -224688
563365 -581786
704665 -255654
-421287 -643068
446117 -967306
672449 -536043
-136408 -248172
-594292 -841195
-615480 -773948
-619901 -466455
231504 306657
-427804 -608360
-439270 766518
391864 611195
789578 293074
-862561 316022
-78009 -280433
696544 -645453
-975281 -746752
-86305 -437080
-35969 -711481
-370901 225034
-423407 -263716
769035 571898
-443106 -461988
258464 -384201
620174 -457944
-721904 321911
573818 -402942
109967 -495794
-146350 691225
850966 -796234
-905104 -721023
177781 368306
-523615 -598569
64486 -836747
-115779 -598705
635098 -424027
544343 -589673
153373 -772595
-995171 -210275
-338265 -116557
848915 884184
753094 -42190
135369 545976
261627 -702601
-448467 -523450
-203654 -430530
337529 955296
383351 -997901
-971598 721723
-844794 827858
62924 -634684
-214681 -204260
821122 65743
-330881 79130
900492 506169
881885 -633371
128235 -202590
313183 550534
-815848 -886500
-694088 -2320
857299 79567
90469 -999999
-107168 -136035
-965234 609812
-775505 802080
88123 608760
482000 328039
747264 549289
-858362 -254084
-117556 684560
241336 -641561
-58618 -83480
-43024 -862426
206219 -590463
-19896 283109
-206382 473429
404136 934609
-509471 937344
-715387 -257542
182577 -785542
-779169 -317973
-517355 -835980
-195438 686769
-299827 723145
-867964 -452532
861500 -125226
437457 888764
-609787 -694729
-288034 -439717
-232286 244010
-887163 -99493
53039 549421
56326 230012
-594843 -221518
160171 961206
-952101 930146
-812903 869487
-383327 -484572
-728934 103386
919688 218678
-528468 417905
-497890 54944
-141585 618823
-296379 -187627
868941 -861835
-155691 -235364
-952155 -907838
-861914 664408
-642535 -691050
297063 662829
-933051 455713
840581 932910
-362013 702922
760914 -108383
-10186 90062
596669 856626
-673799 -254987
821832 -976331
-668308 -320266
16443 -443911
-176713 -596483
509493 466988
-367263 326588
-591862 255833
-946224 165629
316021 239864
215373 955984
951624 -791872
-250400 240794
132388 -928309
-663207 -501889
-580285 -325847
-745299 -848008
704532 803612
273931 -903616
117953 56343
-604559 568837
-607943 915428
-710221 -575056
834821 -346798
438452 370130
-862569 -985808
-882922 -220463
-374277 -921413
592617 54160
-845424 498906
24918 -552709
527762 -896736
-327615 -947897
-671154 185761
73476 -271659
693692 498184
-958658 781828
-185426 873050
-359297 349120
64109 -604993
386459 -819676
201187 -777700
438877 -535934
-8071 415207
929800 -479539
358749 -509800
-696723 -168035
650516 -957519
152990 -483786
-834403 -324604
940428 -231184
421643 615098
801470 -595018
752054 671094
941738 -435647
525038 515046
414765 -505243
-181519 -685994
319370 682111
-676502 -489222
-111667 364303
-353714 -98485
-994734 -192801
805646 -521168
-85477 -379637
604641 -553912
-885559 -81948
755579 337408
-592674 -581250
162170 -693579
886116 -521615
-244680 232125
-307661 -625466
-168841 909087
49242 289071
121771 36833
559037 721255
885169 -410151
429213 947736
-720293 -66200
279315 457432
-460464 -785873
-236914 599736
675524 -677580
-457164 -895476
-158015 804975
-63798 -569692
-464756 997735
-907366 943692
-881664 351958
198043 -952503
849344 -68905
897203 -615281
-68284 -782852
272419 -433260
-823481 430351
-604372 279087
410312 -240746
-296057 -497905
893408 -484376
-546688 -519030
686081 -778899
-480100 752313
374859 893726
-882242 -302988
107256 201130
-751314 -627925
-239659 -977588
-328207 -966456
-851981 -143
318904 -900872
-698796 974689
772698 197021
-392972 -271645
-828383 526220
-923967 -614201
-210741 -493641
-753257 497261
149960 905140
557780 -616941
-821396 610350
118733 637479
55373 69473
701747 -230205
703972 752498
-336816 920589
849935 751600
-295741 -690827
923470 444918
86517 -993911
388096 880750
662286 367156
664433 108204
748670 905244
-657081 -985
650799 104465
-190744 -471732
-304024 160909
636565 -462129
-794646 -440961
-443194 -330658
313829 -402331
404409 576718
-672603 441244
345571 -465058
468733 -8389
435431 -692802
471758 -795992
338976 -953062
496667 -43778
-125474 606749
-922456 49056
392895 170627
-463620 661070
533337 648668
-761893 481041
867401 743716
345435 134806
845216 686915
562501 558983
141865 142442
-227093 878150
190856 418376
194385 -236022
-981862 -593378
965844 -160172
625480 -783671
-572509 138588
49433 731589
-58136 -204838
55565 -697746
553486 -705723
588052 605610
329501 -782742
58177 -130860
226654 612164
7213 282856
-669145 -860884
-387467 -92915
677715 624130
525521 -341876
713090 -519737
-825725 846402
-354231 -657107
587690 -940409
-257142 848309
393922 677628
-626030 470784
11304 364090
-82297 859979
-172025 575677
-896967 -349740
698559 -476057
-852851 531832
897576 938262
-254996 -950790
-143075 326394
131297 222484
677475 -708038
110697 680790
539164 278001
-406721 -273010
-63796 12729
-94975 769929
700026 861251
-881468 -499255
877086 -479833
-544748 789276
-658578 -438514
-634893 -851766
-790848 636188
819783 278517
778094 900753
-132721 -891750
565853 -974992
936036 660173
-752968 400163
-860184 -427059
625313 -336939
-43310 -326780
-892467 -139895
232980 854908
-230227 210065
99275 -249348
-376429 -175522
-720926 835523
-203356 632227
-237580 133031
8870 -610071
508092 393428
323128 916216
-665680 -30095
401484 -61842
392068 -822376
-744256 528749
-142589 -967339
-300065 477974
-751545 744097
-799598 536764
922220 569553
-749997 -16098
409886 449024
-544727 5677
-212464 -519927
466162 256218
-939892 179158
-915656 378600
-251156 231240
-894625 35304
-214600 -732056
-437451 921395
-619836 254491
231107 926260
-900574 -20670
-137154 -130990
-251355 -978679
305000 992509
308979 -682350
-695879 511029
806555 -276189
-929964 -257332
56980 352212
-470212 657655
-726578 390009
-432151 456656
299968 -124851
-283562 124303
-799197 -208248
-178727 -573021
-894107 -924117
-56555 -206298
-108578 972968
-96988 898605
526216 -522216
-29218 844685
985961 884366
253987 407572
-158421 -161352
15697 -894208
237886 786341
938257 -93643
344602 -78702
-867751 674040
-928557 -84441
123159 -659259
-518760 979630
973424 -683576
282802 -153851
334740 -738258
-165569 -697237
-571049 748816
381419 181640
248634 -229624
178295 593799
254537 -140887
42353 894061
916924 905493
525890 -650073
397857 502132
-506455 -265253
-886543 -770423
-476136 -278138
-797114 -304430
-42010 -841179
-702092 909816
-823416 939743
-494770 -58629
40404 518560
510823 360817
-980745 -32595
-7469 452130
-416593 -795124
-151293 -904724
990729 -82493
-6621 323237
-954211 360243
98710 354749
-331401 -953691
699420 -183907
883204 -321261
-363355 443200
996745 -158680
195979 518403
-761704 -289720
-18906 -360594
337775 -348336
146456 -904363
-15037 362962
-283955 744167
-356651 -748404
278094 792090
-996853 726800
-702276 764192
346798 676050
-968771 -849994
-169756 526185
300062 966478
-535006 -929042
27363 -15249
52038 -684217
212881 -93011
655021 -920366
821647 -957903
948630 339815
855279 596453
119202 860122
-402571 -24449
-166436 -173645
-652280 913879
247160 -798948
-781445 859422
231885 574171
619189 -667313
-684526 -770166
-919674 343321
177653 876038
-203576 304294
461247 802151
-565776 -728660
490147 156036
-855789 -479133
890969 -805336
95121 617523
-36292 225581
776696 -316819
-223829 -462076
867105 -787341
-714450 560370
-967198 142414
933925 -998349
872226 219000
-496130 516266
-932272 243182
-22943 -153724
164383 -320578
-250605 390907
441034 -647338
810343 327559
-524394 671605
-563561 466036
-36553 497014
-999890 -162889
-525369 795931
-163548 -977955
-18681 -322979
-963480 96005
460241 -618464
-735736 -905922
-343484 212141
214170 -540946
840236 784670
47386 -950614
508094 -838514
-348183 -524084
683816 511751
-440452 921251
910454 -837561
-706885 -993704
137406 475276
-616094 -817999
378007 770278
-353290 -24851
500035 -245985
897401 479509
-720983 -841493
-13238 -453202
-629866 -59289
701978 -931736
-730533 -873521
-198762 -177469
235859 950129
-455421 -834409
-303661 -293484
546441 -369536
305865 270143
352455 -668083
890204 928754
-491570 -385066
-856076 -150555
896202 -781297
-100112 -533674
-302450 -66577
396036 -370618
461204 794966
132188 -990379
-392629 -960942
918219 76817
-233391 -330901
-264795 437938
92161 841292
236842 -390269
555537 272133
-389074 387710
-1410 -743421
402543 -113159
-352638 -702848
695953 579255
-905571 -14487
-393035 -32287
-440817 -315279
-373274 -428057
-880132 -623806
-859317 -132791
-652660 -295495
-496051 984026
504054 -51821
89645 417758
-965420 -450151
-248514 -888588
367322 926808
-850524 -123172
648717 499689
-469174 384280
-351880 -688671
470183 -931892
-973036 6053
305684 -260975
-190539 -907060
877705 -324125
-766923 -284913
-673101 -256415
-400451 965439
-144067 -446459
439284 888267
155769 -940565
972195 -172480
-163404 192462
182106 -385817
951812 -771488
860952 -235955
833228 -973681
-838697 396474
-527865 -274981
-301109 -485751
417730 -350202
390759 -136633
775406 910852
-517231 -522812
947677 -514776
-633623 158246
552068 -697280
-796945 619596
33578 -521924
-169008 723988
695507 106404
-256759 -128668
681662 595435
348272 -469258
137964 896793
16839 885196
857175 -578401
756696 -94951
849670 243375
559899 941314
99892 -23486
-941284 202213
-461706 216438
901673 -348879
-548122 212176
-50241 -492566
833894 558040
-874580 -53248
-658709 -251822
446633 -213953
-736616 -892149
-245580 88289
614572 923215
-29892 -795773
630563 718930
671017 652554
-627479 -808042
96638 494479
142330 708550
457678 113334
910054 -213157
159084 -856390
-357815 -328165
385601 402588
622021 13678
391106 -110118
-8560 -180657
841792 -60368
-474997 -323303
-594423 -317747
506622 753936
-556547 442816
-758538 997667
-614658 -535499
-358359 583903
-402794 101706
-872741 -360236
-923150 -585622
-689504 -755569
-361416 -525334
632896 979659
-798954 388278
312096 -620845
-510731 629525
-7693 581369
-649405 -19861
-916916 -971623
-866457 -698374
-826866 999863
-184570 -486387
-606048 900819
356682 -119177
-817175 -112755
783873 -174898
436163 -961027
-401477 -618709
-819402 407820
-183349 -705319
-700595 -545912
650067 -200043
865183 744472
-289584 498149
-867002 -158490
34954 -270017
-485616 -669389
-714814 -229213
-79366 449450
-334279 -838368
-174240 305951
-261346 -478235
-575028 830895
550306 -591434
782652 -567799
-806594 113012
803705 981118
-187370 45837
916441 -488018
46637 25977
815990 -234195
-341478 -131871
-410820 189743
-310459 -464092
720283 -532124
916361 -679606
304665 -888128
-954980 152244
-133180 -909555
-977052 649385
-477824 75459
579180 -855038
836551 -603438
673178 -277549
-741837 954378
175183 24881
538724 530010
833927 -760205
979872 843838
-749096 101077
883590 780676
577628 389049
-883723 -836680
615780 600325
796691 -98933
414391 511097
213013 -771891
901597 413731
348649 -915569
986636 -914962
548160 -335003
-703824 483212
-166435 -456074
-134635 -446145
766088 -608365
-294773 -608917
-510598 -886160
-541171 -81384
304724 -620229
939571 -170172
34901 685919
923372 145525
581843 515455
-880466 328712
-416192 -332363
235851 -96792
-153428 565846
783928 459425
319372 27000
-186732 963505
-205803 -237793
179777 -533316
-356344 -794761
-637177 -732922
-673789 -419415
315114 -81363
-37481 -576248
870918 -645159
83973 259037
-265046 746805
-652162 933126
-59444 910890
-826510 206749
627640 941374
125936 -653208
-945444 -650388
452057 341413
-844567 -494380
874951 -579216
-794822 991474
-385408 676193
-837086 -939759
621121 17143
-868104 976674
520245 498868
709971 578170
20867 575284
-513406 124275
662638 -358856
-178054 -979515
204623 429674
499925 205607
746920 390632
-4915 -503481
226426 849335
36268 231089
7657 -256984
-467360 -520309
-319000 135493
-646844 530229
-977191 -796335
-749780 -810282
947929 838713
723943 -618561
-843026 184345
-193728 -961014
526826 -719554
-433074 -977953
-584364 396781
-347256 26919
736824 -379588
-891852 -973932
-170705 -725276
128739 972153
585478 -532392
778790 -644178
-756928 594271
991862 401581
-682562 -700931
90652 251986
582705 729892
-608781 -49230
-711720 -964445
-595506 -489870
603419 643855
-37666 -836732
940222 -80981
455927 -683175
318382 12537
-823146 -531599
398945 -556744
-104369 691816
183551 -276053
-626848 -635756
-813847 894088
-394040 -359660
81486 -916945
910502 -847437
-437045 -381319
-968014 309930
965739 -711432
-804839 232786
-577176 654800
725944 694618
-326812 799537
-382583 -599388
-458662 13376
-386724 -695368
602208 -58457
901816 876107
33174 458681
-95595 990558
-646560 -694176
668176 -848005
-55472 609823
885213 -377641
831838 488592
333898 -55330
-895919 -413139
592279 -878647
391384 -79596
248140 -22584
-678358 529889
-305142 461497
358533 6097
-646089 738686
414182 -497180
-892980 -589702
514074 -455343
639585 524411
-678719 962085
52801 68907
844202 -254636
-399371 8211
307122 531310
-520691 -128807
716977 654235
46157 260350
-18217 53134
-864979 452998
221836 -129963
73939 -806881
454228 -89186
-11245 -400840
-435660 -137686
-223282 360724
595528 -875830
277281 144447
820046 -959178
190568 -958508
-931662 -54768
500214 862061
-195271 266710
774135 169839
-726794 132633
-712425 970748
-963714 104302
-429213 -118107
720591 259944
-488162 -553201
-374804 437173
-472338 413728
-127950 824115
-172259 -951423
-3774 -373754
325815 -556531
-684868 193644
-664780 196675
-113147 -986976
216612 -623730
-869888 967406
-601219 -957489
163911 -77333
-608335 383881
649711 441847
227328 -86971
-127383 -243368
314537 564033
353951 225278
-927874 392404
-905620 -122872
-879257 912135
-606314 -307908
965081 -83349
578300 -585166
-8191 969397
585003 394923
180944 -987342
-982875 346915
250763 430811
919516 -563124
-345425 150968
-638451 493540
833860 988962
279164 -566756
308467 -671123
6278 246571
987931 -494689
399171 -136544
-90203 -872407
941756 264520
803742 -593632
-230567 913358
-504619 -307144
-110838 417167
900915 321524
-487524 -49816
-962434 -388138
741547 -867204
-942856 137833
-762332 773672
298618 430759
-750482 755939
311511 -106605
957611 -449694
-595930 627553
-514712 -577970
135368 186804
-775109 226769
-531474 927394
222666 564225
-196060 -607126
674698 -392546
533214 72201
-879474 -264926
-19301 514066
-343360 234592
-4388 489464
185531 972065
21825 -498102
185623 -562975
538251 -876991
399747 335639
-100904 780852
-955102 -705780
252802 296599
426943 -495271
-649336 377784
-738054 818714
-781842 -796143
-261327 -815353
903277 273064
-853799 -849648
965547 764757
-588495 -303712
275199 53099
-402809 -729168
-966427 88254
156540 738345
-772819 -582398
218105 965557
-165086 -175651
-737530 -492612
639980 -910410
-641565 452575
-985623 116519
-872068 -364130
333474 585959
-842940 810792
206632 631924
-509841 884198
-415222 -919518
-54809 -781998
-879515 360739
774662 898695
988361 233062
917914 -693536
89257 -711343
296339 571679
-268904 -374046
-752608 -827567
-896729 666724
111804 194118
992150 -282829
-727324 127161
-191093 -783810
762302 -853117
-613441 -182054
-892461 -692384
-345118 422664
-815687 -626948
624045 871143
675402 845525
-232679 -482932
-845511 -924922
310327 -576493
-253358 -300536
476013 909156
922634 -354366
359694 987433
376558 -596834
-590618 -864507
-510873 102446
-711023 869332
-530082 524821
-80918 446766
172364 133621
-939689 642091
716124 -666534
-71885 -629171
-387578 644145
687470 296115
854264 344904
126581 575292
952801 398790
554465 -555978
-862155 913613
-26395 995436
-940439 -852255
810131 576205
487570 -61273
545963 828410
-827161 -467522
-786575 -196135
684252 122464
747998 997780
-372359 918746
112945 559770
-583935 -78036
750297 33233
61503 -201413
553595 903821
398415 -456662
-796274 -461386
-601486 -50459
-872370 -153390
586688 -682505
-863080 636434
838887 209865
331991 925716
-89486 436842
950675 828853
-573102 -341781
-608026 577440
-443912 -996317
206288 -298223
-38995 -187086
356896 -242879
-664952 841736
-56402 -109940
-323862 -993962
461380 757157
297353 -881714
