1 2 3 4 5 6
1 2 3 4 5 7
1 2 3 4 6 7
1 2 3 5 6 7
1 2 4 5 6 7
1 3 4 5 6 7
2 3 4 5 6 7

1 2 3 4 5 6
1 2 3 4 5 7
1 2 3 4 5 8
1 2 3 4 5 9
1 2 3 4 5 10
1 2 3 4 5 11
1 2 3 4 5 12
1 2 3 4 5 13
1 2 3 4 5 14
1 2 3 4 5 15
1 2 3 4 5 16
1 2 3 4 5 17
1 2 3 4 5 18
1 2 3 4 5 19
1 2 3 4 5 20
1 2 3 4 5 21
1 2 3 4 6 21
1 2 3 4 7 21
1 2 3 4 8 21
1 2 3 4 9 21
1 2 3 4 10 21
1 2 3 4 11 21
1 2 3 4 12 21
1 2 3 4 13 21
1 2 3 4 14 21
1 2 3 4 15 21
1 2 3 4 16 21
1 2 3 4 17 21
1 2 3 4 18 21
1 2 3 4 19 21
1 2 3 4 20 21
1 2 3 5 20 21
1 2 3 6 20 21
1 2 3 7 20 21
1 2 3 8 20 21
1 2 3 9 20 21
1 2 3 10 20 21
1 2 3 11 20 21
1 2 3 12 20 21
1 2 3 13 20 21
1 2 3 14 20 21
1 2 3 15 20 21
1 2 3 16 20 21
1 2 3 17 20 21
1 2 3 18 20 21
1 2 3 19 20 21
1 2 4 19 20 21
1 2 5 19 20 21
1 2 6 19 20 21
1 2 7 19 20 21
1 2 8 19 20 21
1 2 9 19 20 21
1 2 10 19 20 21
1 2 11 19 20 21
1 2 12 19 20 21
1 2 13 19 20 21
1 2 14 19 20 21
1 2 15 19 20 21
1 2 16 19 20 21
1 2 17 19 20 21
1 2 18 19 20 21
1 3 18 19 20 21
1 4 18 19 20 21
1 5 18 19 20 21
1 6 18 19 20 21
1 7 18 19 20 21
1 8 18 19 20 21
1 9 18 19 20 21
1 10 18 19 20 21
1 11 18 19 20 21
1 12 18 19 20 21
1 13 18 19 20 21
1 14 18 19 20 21
1 15 18 19 20 21
1 16 18 19 20 21
1 17 18 19 20 21
2 3 4 5 6 7
2 3 4 5 6 8
2 3 4 5 6 9
2 3 4 5 6 10
2 3 4 5 6 11
2 3 4 5 6 12
2 3 4 5 6 13
2 3 4 5 6 14
2 3 4 5 6 15
2 3 4 5 6 16
2 3 4 5 6 17
2 3 4 5 6 18
2 3 4 5 6 19
2 3 4 5 6 20
2 3 4 5 6 21
2 3 4 5 7 21
2 3 4 5 8 21
2 3 4 5 9 21
2 3 4 5 10 21
2 3 4 5 11 21
2 3 4 5 12 21
2 3 4 5 13 21
2 3 4 5 14 21
2 3 4 5 15 21
2 3 4 5 16 21
2 3 4 5 17 21
2 3 4 5 18 21
2 3 4 5 19 21
2 3 4 5 20 21
2 3 4 6 20 21
2 3 4 7 20 21
2 3 4 8 20 21
2 3 4 9 20 21
2 3 4 10 20 21
2 3 4 11 20 21
2 3 4 12 20 21
2 3 4 13 20 21
2 3 4 14 20 21
2 3 4 15 20 21
2 3 4 16 20 21
2 3 4 17 20 21
2 3 4 18 20 21
2 3 4 19 20 21
2 3 5 19 20 21
2 3 6 19 20 21
2 3 7 19 20 21
2 3 8 19 20 21
2 3 9 19 20 21
2 3 10 19 20 21
2 3 11 19 20 21
2 3 12 19 20 21
2 3 13 19 20 21
2 3 14 19 20 21
2 3 15 19 20 21
2 3 16 19 20 21
2 3 17 19 20 21
2 3 18 19 20 21
2 4 18 19 20 21
2 5 18 19 20 21
2 6 18 19 20 21
2 7 18 19 20 21
2 8 18 19 20 21
2 9 18 19 20 21
2 10 18 19 20 21
2 11 18 19 20 21
2 12 18 19 20 21
2 13 18 19 20 21
2 14 18 19 20 21
2 15 18 19 20 21
2 16 18 19 20 21
2 17 18 19 20 21
3 4 5 6 7 8
3 4 5 6 7 9
3 4 5 6 7 10
3 4 5 6 7 11
3 4 5 6 7 12
3 4 5 6 7 13
3 4 5 6 7 14
3 4 5 6 7 15
3 4 5 6 7 16
3 4 5 6 7 17
3 4 5 6 7 18
3 4 5 6 7 19
3 4 5 6 7 20
3 4 5 6 7 21
3 4 5 6 8 21
3 4 5 6 9 21
3 4 5 6 10 21
3 4 5 6 11 21
3 4 5 6 12 21
3 4 5 6 13 21
3 4 5 6 14 21
3 4 5 6 15 21
3 4 5 6 16 21
3 4 5 6 17 21
3 4 5 6 18 21
3 4 5 6 19 21
3 4 5 6 20 21
3 4 5 7 20 21
3 4 5 8 20 21
3 4 5 9 20 21
3 4 5 10 20 21
3 4 5 11 20 21
3 4 5 12 20 21
3 4 5 13 20 21
3 4 5 14 20 21
3 4 5 15 20 21
3 4 5 16 20 21
3 4 5 17 20 21
3 4 5 18 20 21
3 4 5 19 20 21
3 4 6 19 20 21
3 4 7 19 20 21
3 4 8 19 20 21
3 4 9 19 20 21
3 4 10 19 20 21
3 4 11 19 20 21
3 4 12 19 20 21
3 4 13 19 20 21
3 4 14 19 20 21
3 4 15 19 20 21
3 4 16 19 20 21
3 4 17 19 20 21
3 4 18 19 20 21
3 5 18 19 20 21
3 6 18 19 20 21
3 7 18 19 20 21
3 8 18 19 20 21
3 9 18 19 20 21
3 10 18 19 20 21
3 11 18 19 20 21
3 12 18 19 20 21
3 13 18 19 20 21
3 14 18 19 20 21
3 15 18 19 20 21
3 16 18 19 20 21
3 17 18 19 20 21
4 5 6 7 8 9
4 5 6 7 8 10
4 5 6 7 8 11
4 5 6 7 8 12
4 5 6 7 8 13
4 5 6 7 8 14
4 5 6 7 8 15
4 5 6 7 8 16
4 5 6 7 8 17
4 5 6 7 8 18
4 5 6 7 8 19
4 5 6 7 8 20
4 5 6 7 8 21
4 5 6 7 9 21
4 5 6 7 10 21
4 5 6 7 11 21
4 5 6 7 12 21
4 5 6 7 13 21
4 5 6 7 14 21
4 5 6 7 15 21
4 5 6 7 16 21
4 5 6 7 17 21
4 5 6 7 18 21
4 5 6 7 19 21
4 5 6 7 20 21
4 5 6 8 20 21
4 5 6 9 20 21
4 5 6 10 20 21
4 5 6 11 20 21
4 5 6 12 20 21
4 5 6 13 20 21
4 5 6 14 20 21
4 5 6 15 20 21
4 5 6 16 20 21
4 5 6 17 20 21
4 5 6 18 20 21
4 5 6 19 20 21
4 5 7 19 20 21
4 5 8 19 20 21
4 5 9 19 20 21
4 5 10 19 20 21
4 5 11 19 20 21
4 5 12 19 20 21
4 5 13 19 20 21
4 5 14 19 20 21
4 5 15 19 20 21
4 5 16 19 20 21
4 5 17 19 20 21
4 5 18 19 20 21
4 6 18 19 20 21
4 7 18 19 20 21
4 8 18 19 20 21
4 9 18 19 20 21
4 10 18 19 20 21
4 11 18 19 20 21
4 12 18 19 20 21
4 13 18 19 20 21
4 14 18 19 20 21
4 15 18 19 20 21
4 16 18 19 20 21
4 17 18 19 20 21
5 6 7 8 9 10
5 6 7 8 9 11
5 6 7 8 9 12
5 6 7 8 9 13
5 6 7 8 9 14
5 6 7 8 9 15
5 6 7 8 9 16
5 6 7 8 9 17
5 6 7 8 9 18
5 6 7 8 9 19
5 6 7 8 9 20
5 6 7 8 9 21
5 6 7 8 10 21
5 6 7 8 11 21
5 6 7 8 12 21
5 6 7 8 13 21
5 6 7 8 14 21
5 6 7 8 15 21
5 6 7 8 16 21
5 6 7 8 17 21
5 6 7 8 18 21
5 6 7 8 19 21
5 6 7 8 20 21
5 6 7 9 20 21
5 6 7 10 20 21
5 6 7 11 20 21
5 6 7 12 20 21
5 6 7 13 20 21
5 6 7 14 20 21
5 6 7 15 20 21
5 6 7 16 20 21
5 6 7 17 20 21
5 6 7 18 20 21
5 6 7 19 20 21
5 6 8 19 20 21
5 6 9 19 20 21
5 6 10 19 20 21
5 6 11 19 20 21
5 6 12 19 20 21
5 6 13 19 20 21
5 6 14 19 20 21
5 6 15 19 20 21
5 6 16 19 20 21
5 6 17 19 20 21
5 6 18 19 20 21
5 7 18 19 20 21
5 8 18 19 20 21
5 9 18 19 20 21
5 10 18 19 20 21
5 11 18 19 20 21
5 12 18 19 20 21
5 13 18 19 20 21
5 14 18 19 20 21
5 15 18 19 20 21
5 16 18 19 20 21
5 17 18 19 20 21
6 7 8 9 10 11
6 7 8 9 10 12
6 7 8 9 10 13
6 7 8 9 10 14
6 7 8 9 10 15
6 7 8 9 10 16
6 7 8 9 10 17
6 7 8 9 10 18
6 7 8 9 10 19
6 7 8 9 10 20
6 7 8 9 10 21
6 7 8 9 11 21
6 7 8 9 12 21
6 7 8 9 13 21
6 7 8 9 14 21
6 7 8 9 15 21
6 7 8 9 16 21
6 7 8 9 17 21
6 7 8 9 18 21
6 7 8 9 19 21
6 7 8 9 20 21
6 7 8 10 20 21
6 7 8 11 20 21
6 7 8 12 20 21
6 7 8 13 20 21
6 7 8 14 20 21
6 7 8 15 20 21
6 7 8 16 20 21
6 7 8 17 20 21
6 7 8 18 20 21
6 7 8 19 20 21
6 7 9 19 20 21
6 7 10 19 20 21
6 7 11 19 20 21
6 7 12 19 20 21
6 7 13 19 20 21
6 7 14 19 20 21
6 7 15 19 20 21
6 7 16 19 20 21
6 7 17 19 20 21
6 7 18 19 20 21
6 8 18 19 20 21
6 9 18 19 20 21
6 10 18 19 20 21
6 11 18 19 20 21
6 12 18 19 20 21
6 13 18 19 20 21
6 14 18 19 20 21
6 15 18 19 20 21
6 16 18 19 20 21
6 17 18 19 20 21
7 8 9 10 11 12
7 8 9 10 11 13
7 8 9 10 11 14
7 8 9 10 11 15
7 8 9 10 11 16
7 8 9 10 11 17
7 8 9 10 11 18
7 8 9 10 11 19
7 8 9 10 11 20
7 8 9 10 11 21
7 8 9 10 12 21
7 8 9 10 13 21
7 8 9 10 14 21
7 8 9 10 15 21
7 8 9 10 16 21
7 8 9 10 17 21
7 8 9 10 18 21
7 8 9 10 19 21
7 8 9 10 20 21
7 8 9 11 20 21
7 8 9 12 20 21
7 8 9 13 20 21
7 8 9 14 20 21
7 8 9 15 20 21
7 8 9 16 20 21
7 8 9 17 20 21
7 8 9 18 20 21
7 8 9 19 20 21
7 8 10 19 20 21
7 8 11 19 20 21
7 8 12 19 20 21
7 8 13 19 20 21
7 8 14 19 20 21
7 8 15 19 20 21
7 8 16 19 20 21
7 8 17 19 20 21
7 8 18 19 20 21
7 9 18 19 20 21
7 10 18 19 20 21
7 11 18 19 20 21
7 12 18 19 20 21
7 13 18 19 20 21
7 14 18 19 20 21
7 15 18 19 20 21
7 16 18 19 20 21
7 17 18 19 20 21
8 9 10 11 12 13
8 9 10 11 12 14
8 9 10 11 12 15
8 9 10 11 12 16
8 9 10 11 12 17
8 9 10 11 12 18
8 9 10 11 12 19
8 9 10 11 12 20
8 9 10 11 12 21
8 9 10 11 13 21
8 9 10 11 14 21
8 9 10 11 15 21
8 9 10 11 16 21
8 9 10 11 17 21
8 9 10 11 18 21
8 9 10 11 19 21
8 9 10 11 20 21
8 9 10 12 20 21
8 9 10 13 20 21
8 9 10 14 20 21
8 9 10 15 20 21
8 9 10 16 20 21
8 9 10 17 20 21
8 9 10 18 20 21
8 9 10 19 20 21
8 9 11 19 20 21
8 9 12 19 20 21
8 9 13 19 20 21
8 9 14 19 20 21
8 9 15 19 20 21
8 9 16 19 20 21
8 9 17 19 20 21
8 9 18 19 20 21
8 10 18 19 20 21
8 11 18 19 20 21
8 12 18 19 20 21
8 13 18 19 20 21
8 14 18 19 20 21
8 15 18 19 20 21
8 16 18 19 20 21
8 17 18 19 20 21
9 10 11 12 13 14
9 10 11 12 13 15
9 10 11 12 13 16
9 10 11 12 13 17
9 10 11 12 13 18
9 10 11 12 13 19
9 10 11 12 13 20
9 10 11 12 13 21
9 10 11 12 14 21
9 10 11 12 15 21
9 10 11 12 16 21
9 10 11 12 17 21
9 10 11 12 18 21
9 10 11 12 19 21
9 10 11 12 20 21
9 10 11 13 20 21
9 10 11 14 20 21
9 10 11 15 20 21
9 10 11 16 20 21
9 10 11 17 20 21
9 10 11 18 20 21
9 10 11 19 20 21
9 10 12 19 20 21
9 10 13 19 20 21
9 10 14 19 20 21
9 10 15 19 20 21
9 10 16 19 20 21
9 10 17 19 20 21
9 10 18 19 20 21
9 11 18 19 20 21
9 12 18 19 20 21
9 13 18 19 20 21
9 14 18 19 20 21
9 15 18 19 20 21
9 16 18 19 20 21
9 17 18 19 20 21
10 11 12 13 14 15
10 11 12 13 14 16
10 11 12 13 14 17
10 11 12 13 14 18
10 11 12 13 14 19
10 11 12 13 14 20
10 11 12 13 14 21
10 11 12 13 15 21
10 11 12 13 16 21
10 11 12 13 17 21
10 11 12 13 18 21
10 11 12 13 19 21
10 11 12 13 20 21
10 11 12 14 20 21
10 11 12 15 20 21
10 11 12 16 20 21
10 11 12 17 20 21
10 11 12 18 20 21
10 11 12 19 20 21
10 11 13 19 20 21
10 11 14 19 20 21
10 11 15 19 20 21
10 11 16 19 20 21
10 11 17 19 20 21
10 11 18 19 20 21
10 12 18 19 20 21
10 13 18 19 20 21
10 14 18 19 20 21
10 15 18 19 20 21
10 16 18 19 20 21
10 17 18 19 20 21
11 12 13 14 15 16
11 12 13 14 15 17
11 12 13 14 15 18
11 12 13 14 15 19
11 12 13 14 15 20
11 12 13 14 15 21
11 12 13 14 16 21
11 12 13 14 17 21
11 12 13 14 18 21
11 12 13 14 19 21
11 12 13 14 20 21
11 12 13 15 20 21
11 12 13 16 20 21
11 12 13 17 20 21
11 12 13 18 20 21
11 12 13 19 20 21
11 12 14 19 20 21
11 12 15 19 20 21
11 12 16 19 20 21
11 12 17 19 20 21
11 12 18 19 20 21
11 13 18 19 20 21
11 14 18 19 20 21
11 15 18 19 20 21
11 16 18 19 20 21
11 17 18 19 20 21
12 13 14 15 16 17
12 13 14 15 16 18
12 13 14 15 16 19
12 13 14 15 16 20
12 13 14 15 16 21
12 13 14 15 17 21
12 13 14 15 18 21
12 13 14 15 19 21
12 13 14 15 20 21
12 13 14 16 20 21
12 13 14 17 20 21
12 13 14 18 20 21
12 13 14 19 20 21
12 13 15 19 20 21
12 13 16 19 20 21
12 13 17 19 20 21
12 13 18 19 20 21
12 14 18 19 20 21
12 15 18 19 20 21
12 16 18 19 20 21
12 17 18 19 20 21
13 14 15 16 17 18
13 14 15 16 17 19
13 14 15 16 17 20
13 14 15 16 17 21
13 14 15 16 18 21
13 14 15 16 19 21
13 14 15 16 20 21
13 14 15 17 20 21
13 14 15 18 20 21
13 14 15 19 20 21
13 14 16 19 20 21
13 14 17 19 20 21
13 14 18 19 20 21
13 15 18 19 20 21
13 16 18 19 20 21
13 17 18 19 20 21
14 15 16 17 18 19
14 15 16 17 18 20
14 15 16 17 18 21
14 15 16 17 19 21
14 15 16 17 20 21
14 15 16 18 20 21
14 15 16 19 20 21
14 15 17 19 20 21
14 15 18 19 20 21
14 16 18 19 20 21
14 17 18 19 20 21
15 16 17 18 19 20
15 16 17 18 19 21
15 16 17 18 20 21
15 16 17 19 20 21
15 16 18 19 20 21
15 17 18 19 20 21
16 17 18 19 20 21
