214929
4779
242961
19249
241492
107221
-7959
164256
-25311
17708
232727
4214
179946
152420
99086
81311
369147
8582
345027
-32946
73422
113335
-3180
1002
86545
433009
456747
4449
22125
28010
13263
130506
222839
-24671
-3754
163526
376197
4990
10602
299026
71085
-1024
379522
37365
256010
12700
10270
9306
14382
367982
8066
223151
29979
292112
0
-18170
10753
4682
63694
12077
-9766
334017
220031
9313
-3734
31357
18187
51747
356592
8810
61540
10897
179953
154937
4163
4886
18833
36090
1091
171076
227441
8347
12544
5487
14762
12073
-26857
341601
38591
19143
239327
19686
-20002
417959
199862
359162
1342
4800
6213
132543
